   1.0000000000000000E-002   3.6990000000000000E-003   188.08109660463199     
   1.0000000000000000E-002   1.9593099999999999E-002   187.31388902256799     
   1.0000000000000000E-002   4.8614400000000002E-002   183.28170802156600     
   1.0000000000000000E-002   9.1521099999999994E-002   171.70531913026801     
   1.0000000000000000E-002  0.14944800000000000        148.28654448022800     
   1.0000000000000000E-002  0.22396500000000000        112.69229600598200     
   1.0000000000000000E-002  0.31716100000000003        71.999116482215996     
   1.0000000000000000E-002  0.43174499999999999        37.380926542929203     
   1.0000000000000000E-002  0.57118599999999997        15.496922245712600     
   1.0000000000000000E-002  0.73989799999999994        5.0861442564856008     
   1.0000000000000000E-002  0.94346200000000002        1.3002234710865401     
   1.0000000000000000E-002   1.1889000000000001       0.24717068262548203     
   1.0000000000000000E-002   1.4850200000000000        3.0836890553469002E-002
   1.0000000000000000E-002   1.8426800000000001        1.6609767893811401E-003
   1.0000000000000000E-002   2.2751100000000002        3.4419718389379399E-006
   1.0000000000000000E-002   2.7977699999999999        6.0543097093247999E-005
   1.0000000000000000E-002   3.4276200000000001        1.7684924074787202E-005
   1.0000000000000000E-002   4.1807499999999997        1.1290619853143400E-006
   1.0000000000000000E-002   5.0670400000000004        5.4519491473370005E-009
   1.0000000000000000E-002   6.0801100000000003        3.3075013454005601E-008
   1.0000000000000000E-002   7.1812800000000001        7.8877542895689997E-009
   1.0000000000000000E-002   8.2809200000000001        1.0615090419903201E-009
   1.0000000000000000E-002   9.2300000000000004        1.5177528677726802E-010
   1.0000000000000000E-002   9.8451900000000006        3.8907882744453804E-011
   1.0000000000000000E-002   10.675300000000000        4.8708604416626002E-012
   1.0000000000000000E-002   13.387900000000000        1.9776275113302402E-015
   1.0000000000000000E-002   17.613800000000001        9.3742189798180004E-019
   1.0000000000000000E-002   22.386199999999999        1.0683128787777601E-018
   1.0000000000000000E-002   26.612100000000002        2.1180414957039799E-025
   1.0000000000000000E-002   29.324700000000000        1.1385652561868200E-025
   2.9999999999999999E-002   3.6990000000000000E-003   277.71296388882200     
   2.9999999999999999E-002   1.9593099999999999E-002   276.58346383745004     
   2.9999999999999999E-002   4.8614400000000002E-002   270.65023400784605     
   2.9999999999999999E-002   9.1521099999999994E-002   253.61262159771999     
   2.9999999999999999E-002  0.14944800000000000        219.13011374007601     
   2.9999999999999999E-002  0.22396500000000000        166.67821512803999     
   2.9999999999999999E-002  0.31716100000000003        106.62369981802001     
   2.9999999999999999E-002  0.43174499999999999        55.445744660152002     
   2.9999999999999999E-002  0.57118599999999997        23.024870386841403     
   2.9999999999999999E-002  0.73989799999999994        7.5683607215831996     
   2.9999999999999999E-002  0.94346200000000002        1.9372346635811402     
   2.9999999999999999E-002   1.1889000000000001       0.36860890827453002     
   2.9999999999999999E-002   1.4850200000000000        4.6015879451387999E-002
   2.9999999999999999E-002   1.8426800000000001        2.4795564964231603E-003
   2.9999999999999999E-002   2.2751100000000002        5.1698503923682000E-006
   2.9999999999999999E-002   2.7977699999999999        9.0426305999568001E-005
   2.9999999999999999E-002   3.4276200000000001        2.6415107019023801E-005
   2.9999999999999999E-002   4.1807499999999997        1.6866095735658402E-006
   2.9999999999999999E-002   5.0670400000000004        8.1372546153822015E-009
   2.9999999999999999E-002   6.0801100000000003        4.9392934636430000E-008
   2.9999999999999999E-002   7.1812800000000001        1.1779556825066801E-008
   2.9999999999999999E-002   8.2809200000000001        1.5852229337344399E-009
   2.9999999999999999E-002   9.2300000000000004        2.2665143169222399E-010
   2.9999999999999999E-002   9.8451900000000006        5.8101372139425999E-011
   2.9999999999999999E-002   10.675300000000000        7.2732383811164009E-012
   2.9999999999999999E-002   13.387900000000000        2.9499131530360800E-015
   2.9999999999999999E-002   17.613800000000001        1.3953982552894999E-018
   2.9999999999999999E-002   22.386199999999999        1.5957720379878201E-018
   2.9999999999999999E-002   26.612100000000002        3.1795386980711200E-025
   2.9999999999999999E-002   29.324700000000000        1.7006829389858001E-025
   5.9999999999999998E-002   3.6990000000000000E-003   320.09447367805603     
   5.9999999999999998E-002   1.9593099999999999E-002   318.79961355627000     
   5.9999999999999998E-002   4.8614400000000002E-002   311.99459280651200     
   5.9999999999999998E-002   9.1521099999999994E-002   292.45408405613404     
   5.9999999999999998E-002  0.14944800000000000        252.87225049486401     
   5.9999999999999998E-002  0.22396500000000000        192.59672888548400     
   5.9999999999999998E-002  0.31716100000000003        123.43517542540800     
   5.9999999999999998E-002  0.43174499999999999        64.340064247074011     
   5.9999999999999998E-002  0.57118599999999997        26.785924017021401     
   5.9999999999999998E-002  0.73989799999999994        8.8248209988554009     
   5.9999999999999998E-002  0.94346200000000002        2.2631281846927602     
   5.9999999999999998E-002   1.1889000000000001       0.43122275546196004     
   5.9999999999999998E-002   1.4850200000000000        5.3882914400392001E-002
   5.9999999999999998E-002   1.8426800000000001        2.9052462013189999E-003
   5.9999999999999998E-002   2.2751100000000002        6.1274785805772004E-006
   5.9999999999999998E-002   2.7977699999999999        1.0602974538849001E-004
   5.9999999999999998E-002   3.4276200000000001        3.0974703767284201E-005
   5.9999999999999998E-002   4.1807499999999997        1.9780655773879001E-006
   5.9999999999999998E-002   5.0670400000000004        9.5322384838603998E-009
   5.9999999999999998E-002   6.0801100000000003        5.7901677161790001E-008
   5.9999999999999998E-002   7.1812800000000001        1.3809183961403599E-008
   5.9999999999999998E-002   8.2809200000000001        1.8583038423811399E-009
   5.9999999999999998E-002   9.2300000000000004        2.6568982654953199E-010
   5.9999999999999998E-002   9.8451900000000006        6.8106248380632009E-011
   5.9999999999999998E-002   10.675300000000000        8.5249233437060008E-012
   5.9999999999999998E-002   13.387900000000000        3.4520828771336602E-015
   5.9999999999999998E-002   17.613800000000001        1.6300674797992201E-018
   5.9999999999999998E-002   22.386199999999999        1.8713471605844401E-018
   5.9999999999999998E-002   26.612100000000002        3.7598420420745801E-025
   5.9999999999999998E-002   29.324700000000000        1.9943687385067600E-025
   8.9999999999999997E-002   3.6990000000000000E-003   329.26584044739002     
   8.9999999999999997E-002   1.9593099999999999E-002   327.93980265123002     
   8.9999999999999997E-002   4.8614400000000002E-002   320.97415768032999     
   8.9999999999999997E-002   9.1521099999999994E-002   300.97308758825000     
   8.9999999999999997E-002  0.14944800000000000        260.42593008370403     
   8.9999999999999997E-002  0.22396500000000000        198.60454834112201     
   8.9999999999999997E-002  0.31716100000000003        127.52615988820399     
   8.9999999999999997E-002  0.43174499999999999        66.628663407768002     
   8.9999999999999997E-002  0.57118599999999997        27.808314944025000     
   8.9999999999999997E-002  0.73989799999999994        9.1826933421762007     
   8.9999999999999997E-002  0.94346200000000002        2.3593645884408598     
   8.9999999999999997E-002   1.1889000000000001       0.45018983179631999     
   8.9999999999999997E-002   1.4850200000000000        5.6305695957126006E-002
   8.9999999999999997E-002   1.8426800000000001        3.0378618205581806E-003
   8.9999999999999997E-002   2.2751100000000002        6.4987691635020004E-006
   8.9999999999999997E-002   2.7977699999999999        1.1094989812799199E-004
   8.9999999999999997E-002   3.4276200000000001        3.2413296914475404E-005
   8.9999999999999997E-002   4.1807499999999997        2.0702804557958601E-006
   8.9999999999999997E-002   5.0670400000000004        9.9662001388180002E-009
   8.9999999999999997E-002   6.0801100000000003        6.0573090805304006E-008
   8.9999999999999997E-002   7.1812800000000001        1.4446629273414802E-008
   8.9999999999999997E-002   8.2809200000000001        1.9440266607454001E-009
   8.9999999999999997E-002   9.2300000000000004        2.7793870603745400E-010
   8.9999999999999997E-002   9.8451900000000006        7.1243748523331993E-011
   8.9999999999999997E-002   10.675300000000000        8.9168938017851997E-012
   8.9999999999999997E-002   13.387900000000000        3.6051021136530403E-015
   8.9999999999999997E-002   17.613800000000001        1.7016972000382200E-018
   8.9999999999999997E-002   22.386199999999999        1.9584196959912200E-018
   8.9999999999999997E-002   26.612100000000002        3.9963858735877998E-025
   8.9999999999999997E-002   29.324700000000000        2.0871282395810000E-025
  0.14000000000000001        3.6990000000000000E-003   321.42130078242803     
  0.14000000000000001        1.9593099999999999E-002   320.13906959203405     
  0.14000000000000001        4.8614400000000002E-002   313.39561488281203     
  0.14000000000000001        9.1521099999999994E-002   294.02480739801399     
  0.14000000000000001       0.14944800000000000        254.72120498147402     
  0.14000000000000001       0.22396500000000000        194.66234847628800     
  0.14000000000000001       0.31716100000000003        125.38595067136602     
  0.14000000000000001       0.43174499999999999        65.764370915628007     
  0.14000000000000001       0.57118599999999997        27.562090247291600     
  0.14000000000000001       0.73989799999999994        9.1362030884894008     
  0.14000000000000001       0.94346200000000002        2.3548260662218601     
  0.14000000000000001        1.1889000000000001       0.45037531922614005     
  0.14000000000000001        1.4850200000000000        5.6417777723230006E-002
  0.14000000000000001        1.8426800000000001        3.0474282360876204E-003
  0.14000000000000001        2.2751100000000002        6.7131058084706005E-006
  0.14000000000000001        2.7977699999999999        1.1142821890446399E-004
  0.14000000000000001        3.4276200000000001        3.2554109499496202E-005
  0.14000000000000001        4.1807499999999997        2.0798547644074203E-006
  0.14000000000000001        5.0670400000000004        9.9978513981191999E-009
  0.14000000000000001        6.0801100000000003        6.0805542073738005E-008
  0.14000000000000001        7.1812800000000001        1.4502670156466800E-008
  0.14000000000000001        8.2809200000000001        1.9514777302666801E-009
  0.14000000000000001        9.2300000000000004        2.7899085388405003E-010
  0.14000000000000001        9.8451900000000006        7.1509350736669999E-011
  0.14000000000000001        10.675300000000000        8.9488607843711998E-012
  0.14000000000000001        13.387900000000000        3.6086224282785598E-015
  0.14000000000000001        17.613800000000001        1.7083471217243201E-018
  0.14000000000000001        22.386199999999999        1.9671218190285200E-018
  0.14000000000000001        26.612100000000002        4.1130061619108001E-025
  0.14000000000000001        29.324700000000000        2.0963986645309398E-025
  0.22000000000000000        3.6990000000000000E-003   294.01691431589398     
  0.22000000000000000        1.9593099999999999E-002   292.86136709352604     
  0.22000000000000000        4.8614400000000002E-002   286.77816870364200     
  0.22000000000000000        9.1521099999999994E-002   269.27920564360198     
  0.22000000000000000       0.14944800000000000        233.72600119638003     
  0.22000000000000000       0.22396500000000000        179.20650972301002     
  0.22000000000000000       0.31716100000000003        115.99949741426200     
  0.22000000000000000       0.43174499999999999        61.214403727554000     
  0.22000000000000000       0.57118599999999997        25.824822872679601     
  0.22000000000000000       0.73989799999999994        8.6127733477015997     
  0.22000000000000000       0.94346200000000002        2.2311098970729799     
  0.22000000000000000        1.1889000000000001       0.42831020815968007     
  0.22000000000000000        1.4850200000000000        5.3791749301906000E-002
  0.22000000000000000        1.8426800000000001        2.9114620034885004E-003
  0.22000000000000000        2.2751100000000002        6.8108616305268005E-006
  0.22000000000000000        2.7977699999999999        1.0664066994457801E-004
  0.22000000000000000        3.4276200000000001        3.1154784435852002E-005
  0.22000000000000000        4.1807499999999997        1.9913614742190401E-006
  0.22000000000000000        5.0670400000000004        9.5575358120550006E-009
  0.22000000000000000        6.0801100000000003        5.8143205474662000E-008
  0.22000000000000000        7.1812800000000001        1.3868579404356601E-008
  0.22000000000000000        8.2809200000000001        1.8660074905302600E-009
  0.22000000000000000        9.2300000000000004        2.6675263005698997E-010
  0.22000000000000000        9.8451900000000006        6.8366325436486004E-011
  0.22000000000000000        10.675300000000000        8.5536146972122008E-012
  0.22000000000000000        13.387900000000000        3.4349351562279605E-015
  0.22000000000000000        17.613800000000001        1.6480716001149401E-018
  0.22000000000000000        22.386199999999999        1.8828276485279802E-018
  0.22000000000000000        26.612100000000002        4.1128483002684002E-025
  0.22000000000000000        29.324700000000000        2.0065911761695801E-025
  0.34999999999999998        3.6990000000000000E-003   249.73317173574000     
  0.34999999999999998        1.9593099999999999E-002   248.77416225816003     
  0.34999999999999998        4.8614400000000002E-002   243.72456297189001     
  0.34999999999999998        9.1521099999999994E-002   229.16695696386802     
  0.34999999999999998       0.14944800000000000        199.49409869604602     
  0.34999999999999998       0.22396500000000000        153.76237020097801     
  0.34999999999999998       0.31716100000000003        100.30410361864202     
  0.34999999999999998       0.43174499999999999        53.450373500216003     
  0.34999999999999998       0.57118599999999997        22.788590973579200     
  0.34999999999999998       0.73989799999999994        7.6757461038257997     
  0.34999999999999998       0.94346200000000002        2.0046731572144201     
  0.34999999999999998        1.1889000000000001       0.38719395943428203     
  0.34999999999999998        1.4850200000000000        4.8835683038758002E-002
  0.34999999999999998        1.8426800000000001        2.6531253722419600E-003
  0.34999999999999998        2.2751100000000002        7.0351830243772010E-006
  0.34999999999999998        2.7977699999999999        9.7419576757888014E-005
  0.34999999999999998        3.4276200000000001        2.8454442646368201E-005
  0.34999999999999998        4.1807499999999997        1.8201565764951801E-006
  0.34999999999999998        5.0670400000000004        8.7307354599849995E-009
  0.34999999999999998        6.0801100000000003        5.3028488260902003E-008
  0.34999999999999998        7.1812800000000001        1.2649650732564999E-008
  0.34999999999999998        8.2809200000000001        1.7017800774004801E-009
  0.34999999999999998        9.2300000000000004        2.4324703150363001E-010
  0.34999999999999998        9.8451900000000006        6.2333248118064000E-011
  0.34999999999999998        10.675300000000000        7.7959182791027997E-012
  0.34999999999999998        13.387900000000000        3.1101782389416199E-015
  0.34999999999999998        17.613800000000001        1.5588639859946999E-018
  0.34999999999999998        22.386199999999999        1.7199183801122401E-018
  0.34999999999999998        26.612100000000002        4.2055920151784000E-025
  0.34999999999999998        29.324700000000000        1.8331209638772800E-025
  0.50000000000000000        3.6990000000000000E-003   209.09879567376800     
  0.50000000000000000        1.9593099999999999E-002   208.31580192746401     
  0.50000000000000000        4.8614400000000002E-002   204.19403444439999     
  0.50000000000000000        9.1521099999999994E-002   192.28929333690999     
  0.50000000000000000       0.14944800000000000        167.93400449333200     
  0.50000000000000000       0.22396500000000000        130.19204837423399     
  0.50000000000000000       0.31716100000000003        85.663620248360004     
  0.50000000000000000       0.43174499999999999        46.152035117958000     
  0.50000000000000000       0.57118599999999997        19.913338484316203     
  0.50000000000000000       0.73989799999999994        6.7838278242658010     
  0.50000000000000000       0.94346200000000002        1.7884737448655001     
  0.50000000000000000        1.1889000000000001       0.34788719978489402     
  0.50000000000000000        1.4850200000000000        4.4100623074970001E-002
  0.50000000000000000        1.8426800000000001        2.4079070434788602E-003
  0.50000000000000000        2.2751100000000002        7.5846994015716001E-006
  0.50000000000000000        2.7977699999999999        8.8624315351572001E-005
  0.50000000000000000        3.4276200000000001        2.5870997403081599E-005
  0.50000000000000000        4.1807499999999997        1.6564343206210800E-006
  0.50000000000000000        5.0670400000000004        7.9637646703846002E-009
  0.50000000000000000        6.0801100000000003        4.8131225459547996E-008
  0.50000000000000000        7.1812800000000001        1.1482145490785201E-008
  0.50000000000000000        8.2809200000000001        1.5444748972899401E-009
  0.50000000000000000        9.2300000000000004        2.2073201475633002E-010
  0.50000000000000000        9.8451900000000006        5.6554328043906002E-011
  0.50000000000000000        10.675300000000000        7.0701888435794002E-012
  0.50000000000000000        13.387900000000000        2.7998617153938201E-015
  0.50000000000000000        17.613800000000001        1.5213165943498602E-018
  0.50000000000000000        22.386199999999999        1.5638918793051400E-018
  0.50000000000000000        26.612100000000002        4.4217835344451998E-025
  0.50000000000000000        29.324700000000000        1.6670860349420200E-025
  0.69999999999999996        3.6990000000000000E-003   169.01693536019599     
  0.69999999999999996        1.9593099999999999E-002   168.40324822536601     
  0.69999999999999996        4.8614400000000002E-002   165.17142575133201     
  0.69999999999999996        9.1521099999999994E-002   155.83233098694799     
  0.69999999999999996       0.14944800000000000        136.65963986336200     
  0.69999999999999996       0.22396500000000000        106.72907246432200     
  0.69999999999999996       0.31716100000000003        71.002614864565999     
  0.69999999999999996       0.43174499999999999        38.798642487913000     
  0.69999999999999996       0.57118599999999997        17.003198572082798     
  0.69999999999999996       0.73989799999999994        5.8797936636515997     
  0.69999999999999996       0.94346200000000002        1.5697288135328802     
  0.69999999999999996        1.1889000000000001       0.30825169326520802     
  0.69999999999999996        1.4850200000000000        3.9349461223657199E-002
  0.69999999999999996        1.8426800000000001        2.1653210576027798E-003
  0.69999999999999996        2.2751100000000002        8.7467978820992007E-006
  0.69999999999999996        2.7977699999999999        7.9882332249566000E-005
  0.69999999999999996        3.4276200000000001        2.3289999015252200E-005
  0.69999999999999996        4.1807499999999997        1.4931106653940399E-006
  0.69999999999999996        5.0670400000000004        7.2357067756358006E-009
  0.69999999999999996        6.0801100000000003        4.3223306997332003E-008
  0.69999999999999996        7.1812800000000001        1.0311759274031600E-008
  0.69999999999999996        8.2809200000000001        1.3867553303681001E-009
  0.69999999999999996        9.2300000000000004        1.9815503731438800E-010
  0.69999999999999996        9.8451900000000006        5.0758832497296001E-011
  0.69999999999999996        10.675300000000000        6.3421309488306000E-012
  0.69999999999999996        13.387900000000000        2.4877218898763001E-015
  0.69999999999999996        17.613800000000001        1.5648785145701401E-018
  0.69999999999999996        22.386199999999999        1.4077825011357800E-018
  0.69999999999999996        26.612100000000002        4.9266645322510000E-025
  0.69999999999999996        29.324700000000000        1.5012721123061199E-025
   1.0500000000000000        3.6990000000000000E-003   122.35698040781600     
   1.0500000000000000        1.9593099999999999E-002   121.93351655207800     
   1.0500000000000000        4.8614400000000002E-002   119.70885135655600     
   1.0500000000000000        9.1521099999999994E-002   113.27480546643800     
   1.0500000000000000       0.14944800000000000        100.00692907682401     
   1.0500000000000000       0.22396500000000000        79.040140387362001     
   1.0500000000000000       0.31716100000000003        53.541143944596008     
   1.0500000000000000       0.43174499999999999        29.953220544724402     
   1.0500000000000000       0.57118599999999997        13.477200927436401     
   1.0500000000000000       0.73989799999999994        4.7819843369913997     
   1.0500000000000000       0.94346200000000002        1.3050224650155000     
   1.0500000000000000        1.1889000000000001       0.26063075556471804     
   1.0500000000000000        1.4850200000000000        3.3699593042161198E-002
   1.0500000000000000        1.8426800000000001        1.8854718310381800E-003
   1.0500000000000000        2.2751100000000002        1.1671816254128801E-005
   1.0500000000000000        2.7977699999999999        6.9689995308010004E-005
   1.0500000000000000        3.4276200000000001        2.0247571046687602E-005
   1.0500000000000000        4.1807499999999997        1.3012140528926000E-006
   1.0500000000000000        5.0670400000000004        6.4748531246784004E-009
   1.0500000000000000        6.0801100000000003        3.7400777644460998E-008
   1.0500000000000000        7.1812800000000001        8.9221427013950000E-009
   1.0500000000000000        8.2809200000000001        1.1994051331677801E-009
   1.0500000000000000        9.2300000000000004        1.7132921376725000E-010
   1.0500000000000000        9.8451900000000006        4.3870539731172002E-011
   1.0500000000000000        10.675300000000000        5.4762598402665999E-012
   1.0500000000000000        13.387900000000000        2.1146987754261601E-015
   1.0500000000000000        17.613800000000001        1.8241425829657801E-018
   1.0500000000000000        22.386199999999999        1.2231830430542800E-018
   1.0500000000000000        26.612100000000002        6.2940620787197999E-025
   1.0500000000000000        29.324700000000000        1.3056854839135799E-025
   1.5000000000000000        3.6990000000000000E-003   85.753601384528011     
   1.5000000000000000        1.9593099999999999E-002   85.476159548010003     
   1.5000000000000000        4.8614400000000002E-002   84.011992814750002     
   1.5000000000000000        9.1521099999999994E-002   79.771039791673999     
   1.5000000000000000       0.14944800000000000        70.963544108072000     
   1.5000000000000000       0.22396500000000000        56.863736863009997     
   1.5000000000000000       0.31716100000000003        39.345830405881998     
   1.5000000000000000       0.43174499999999999        22.636017696199602     
   1.5000000000000000       0.57118599999999997        10.519150006734600     
   1.5000000000000000       0.73989799999999994        3.8546655841232003     
   1.5000000000000000       0.94346200000000002        1.0821297190288199     
   1.5000000000000000        1.1889000000000001       0.22096130879191600     
   1.5000000000000000        1.4850200000000000        2.9076693775298403E-002
   1.5000000000000000        1.8426800000000001        1.6705471514516399E-003
   1.5000000000000000        2.2751100000000002        1.6665532518989198E-005
   1.5000000000000000        2.7977699999999999        6.1659573559122004E-005
   1.5000000000000000        3.4276200000000001        1.7791914802923801E-005
   1.5000000000000000        4.1807499999999997        1.1472989515526000E-006
   1.5000000000000000        5.0670400000000004        6.0309461862496003E-009
   1.5000000000000000        6.0801100000000003        3.2641288591511602E-008
   1.5000000000000000        7.1812800000000001        7.7843154483864015E-009
   1.5000000000000000        8.2809200000000001        1.0458886324748399E-009
   1.5000000000000000        9.2300000000000004        1.4933711371040001E-010
   1.5000000000000000        9.8451900000000006        3.8221342461656199E-011
   1.5000000000000000        10.675300000000000        4.7654088645394006E-012
   1.5000000000000000        13.387900000000000        1.8072079752773201E-015
   1.5000000000000000        17.613800000000001        2.3936047786774201E-018
   1.5000000000000000        22.386199999999999        1.0730842469193001E-018
   1.5000000000000000        26.612100000000002        8.6831796402120008E-025
   1.5000000000000000        29.324700000000000        1.1476146748374001E-025
   2.0000000000000000        3.6990000000000000E-003   60.721875403266004     
   2.0000000000000000        1.9593099999999999E-002   60.538755898082002     
   2.0000000000000000        4.8614400000000002E-002   59.570669376063996     
   2.0000000000000000        9.1521099999999994E-002   56.757969562602000     
   2.0000000000000000       0.14944800000000000        50.869335646976005     
   2.0000000000000000       0.22396500000000000        41.321863514624006     
   2.0000000000000000       0.31716100000000003        29.205114221390804     
   2.0000000000000000       0.43174499999999999        17.288691352363198     
   2.0000000000000000       0.57118599999999997        8.3106656295586010     
   2.0000000000000000       0.73989799999999994        3.1532310553651599     
   2.0000000000000000       0.94346200000000002       0.91341114217275998     
   2.0000000000000000        1.1889000000000001       0.19128055744197400     
   2.0000000000000000        1.4850200000000000        2.5703151011799801E-002
   2.0000000000000000        1.8426800000000001        1.5301647394063802E-003
   2.0000000000000000        2.2751100000000002        2.3462304997931801E-005
   2.0000000000000000        2.7977699999999999        5.6136389345652004E-005
   2.0000000000000000        3.4276200000000001        1.6028363464852199E-005
   2.0000000000000000        4.1807499999999997        1.0378692610409200E-006
   2.0000000000000000        5.0670400000000004        5.9267180368550009E-009
   2.0000000000000000        6.0801100000000003        2.9154519565001599E-008
   2.0000000000000000        7.1812800000000001        6.9481617940042002E-009
   2.0000000000000000        8.2809200000000001        9.3296230658400009E-010
   2.0000000000000000        9.2300000000000004        1.3315037555280999E-010
   2.0000000000000000        9.8451900000000006        3.4061056737846598E-011
   2.0000000000000000        10.675300000000000        4.2413082117714001E-012
   2.0000000000000000        13.387900000000000        1.5810514398340202E-015
   2.0000000000000000        17.613800000000001        3.2535955410620202E-018
   2.0000000000000000        22.386199999999999        9.6388345578910013E-019
   2.0000000000000000        26.612100000000002        1.2026689226244001E-024
   2.0000000000000000        29.324700000000000        1.0338714149471401E-025
   2.7000000000000002        3.6990000000000000E-003   39.688390169889999     
   2.7000000000000002        1.9593099999999999E-002   39.579465636634005     
   2.7000000000000002        4.8614400000000002E-002   39.001455232986402     
   2.7000000000000002        9.1521099999999994E-002   37.313164432929007     
   2.7000000000000002       0.14944800000000000        33.748214428020404     
   2.7000000000000002       0.22396500000000000        27.871577997216800     
   2.7000000000000002       0.31716100000000003        20.216196045260602     
   2.7000000000000002       0.43174499999999999        12.406859526553800     
   2.7000000000000002       0.57118599999999997        6.2311147488128000     
   2.7000000000000002       0.73989799999999994        2.4780449711971801     
   2.7000000000000002       0.94346200000000002       0.74995725109074007     
   2.7000000000000002        1.1889000000000001       0.16287177627567001     
   2.7000000000000002        1.4850200000000000        2.2588698668890201E-002
   2.7000000000000002        1.8426800000000001        1.4259523761760201E-003
   2.7000000000000002        2.2751100000000002        3.4743137429246405E-005
   2.7000000000000002        2.7977699999999999        5.1533538507373997E-005
   2.7000000000000002        3.4276200000000001        1.4431790279029199E-005
   2.7000000000000002        4.1807499999999997        9.4046468113906008E-007
   2.7000000000000002        5.0670400000000004        6.1864793694242006E-009
   2.7000000000000002        6.0801100000000003        2.5892071932341997E-008
   2.7000000000000002        7.1812800000000001        6.1616950915673995E-009
   2.7000000000000002        8.2809200000000001        8.2657145268852002E-010
   2.7000000000000002        9.2300000000000004        1.1788910127378999E-010
   2.7000000000000002        9.8451900000000006        3.0136261119087201E-011
   2.7000000000000002        10.675300000000000        3.7461870100069799E-012
   2.7000000000000002        13.387900000000000        1.3712296378380601E-015
   2.7000000000000002        17.613800000000001        4.7738544624077999E-018
   2.7000000000000002        22.386199999999999        8.6262705181268003E-019
   2.7000000000000002        26.612100000000002        1.7699092157192599E-024
   2.7000000000000002        29.324700000000000        9.3038916181287995E-026
   4.0000000000000000        3.6990000000000000E-003   20.211578592220402     
   4.0000000000000000        1.9593099999999999E-002   20.163312395056600     
   4.0000000000000000        4.8614400000000002E-002   19.908642100454799     
   4.0000000000000000        9.1521099999999994E-002   19.160141123015201     
   4.0000000000000000       0.14944800000000000        17.563054886854399     
   4.0000000000000000       0.22396500000000000        14.870053663742201     
   4.0000000000000000       0.31716100000000003        11.224002240050600     
   4.0000000000000000       0.43174499999999999        7.2900111806214003     
   4.0000000000000000       0.57118599999999997        3.9348356192160399     
   4.0000000000000000       0.73989799999999994        1.6985005017796202     
   4.0000000000000000       0.94346200000000002       0.55734631465744000     
   4.0000000000000000        1.1889000000000001       0.12989329521599199     
   4.0000000000000000        1.4850200000000000        1.9226048358717201E-002
   4.0000000000000000        1.8426800000000001        1.3778756129831000E-003
   4.0000000000000000        2.2751100000000002        6.0013076628890004E-005
   4.0000000000000000        2.7977699999999999        4.7804451859779999E-005
   4.0000000000000000        3.4276200000000001        1.2768204826007401E-005
   4.0000000000000000        4.1807499999999997        8.4330478678292011E-007
   4.0000000000000000        5.0670400000000004        7.4308632310528002E-009
   4.0000000000000000        6.0801100000000003        2.2218039532535001E-008
   4.0000000000000000        7.1812800000000001        5.2648041702718004E-009
   4.0000000000000000        8.2809200000000001        7.0486801948023996E-010
   4.0000000000000000        9.2300000000000004        1.0040671368620200E-010
   4.0000000000000000        9.8451900000000006        2.5636454467885798E-011
   4.0000000000000000        10.675300000000000        3.1775575344590004E-012
   4.0000000000000000        13.387900000000000        1.1469832282678001E-015
   4.0000000000000000        17.613800000000001        8.3930694068913998E-018
   4.0000000000000000        22.386199999999999        7.5027692091660000E-019
   4.0000000000000000        26.612100000000002        3.0918031437662602E-024
   4.0000000000000000        29.324700000000000        8.2115285181313998E-026
   5.5000000000000000        3.6990000000000000E-003   10.458807393927200     
   5.5000000000000000        1.9593099999999999E-002   10.437101418097200     
   5.5000000000000000        4.8614400000000002E-002   10.321980815377001     
   5.5000000000000000        9.1521099999999994E-002   9.9828545420912000     
   5.5000000000000000       0.14944800000000000        9.2544019932363994     
   5.5000000000000000       0.22396500000000000        8.0080448610778010     
   5.5000000000000000       0.31716100000000003        6.2660416371938004     
   5.5000000000000000       0.43174499999999999        4.2880747233324001     
   5.5000000000000000       0.57118599999999997        2.4834004274155999     
   5.5000000000000000       0.73989799999999994        1.1682550845812001     
   5.5000000000000000       0.94346200000000002       0.42041317949862006     
   5.5000000000000000        1.1889000000000001       0.10677169510777001     
   5.5000000000000000        1.4850200000000000        1.7176846378722799E-002
   5.5000000000000000        1.8426800000000001        1.4405387919337799E-003
   5.5000000000000000        2.2751100000000002        9.4594248013034015E-005
   5.5000000000000000        2.7977699999999999        4.7352967562515998E-005
   5.5000000000000000        3.4276200000000001        1.1834019091694799E-005
   5.5000000000000000        4.1807499999999997        7.9541351101981997E-007
   5.5000000000000000        5.0670400000000004        9.6742350311991996E-009
   5.5000000000000000        6.0801100000000003        1.9736257186954000E-008
   5.5000000000000000        7.1812800000000001        4.6424346451097999E-009
   5.5000000000000000        8.2809200000000001        6.1992266970479999E-010
   5.5000000000000000        9.2300000000000004        8.8179540174109995E-011
   5.5000000000000000        9.8451900000000006        2.2486798978721003E-011
   5.5000000000000000        10.675300000000000        2.7790476578433801E-012
   5.5000000000000000        13.387900000000000        1.0231131440175800E-015
   5.5000000000000000        17.613800000000001        1.3650967130308200E-017
   5.5000000000000000        22.386199999999999        6.7597144583891996E-019
   5.5000000000000000        26.612100000000002        4.9849549437071998E-024
   5.5000000000000000        29.324700000000000        7.5663085202320007E-026
   7.5000000000000000        3.6990000000000000E-003   4.9408326146563999     
   7.5000000000000000        1.9593099999999999E-002   4.9320318280926001     
   7.5000000000000000        4.8614400000000002E-002   4.8861730209754004     
   7.5000000000000000        9.1521099999999994E-002   4.7504120085114003     
   7.5000000000000000       0.14944800000000000        4.4552502026340006     
   7.5000000000000000       0.22396500000000000        3.9399266571834404     
   7.5000000000000000       0.31716100000000003        3.1961970478853803     
   7.5000000000000000       0.43174499999999999        2.3099617874517802     
   7.5000000000000000       0.57118599999999997        1.4439130845400800     
   7.5000000000000000       0.73989799999999994       0.75065578885836004     
   7.5000000000000000       0.94346200000000002       0.30413150439856801     
   7.5000000000000000        1.1889000000000001        8.7165279121690004E-002
   7.5000000000000000        1.4850200000000000        1.5823972103354803E-002
   7.5000000000000000        1.8426800000000001        1.6230386901713600E-003
   7.5000000000000000        2.2751100000000002        1.4757024727783799E-004
   7.5000000000000000        2.7977699999999999        5.0062268000206001E-005
   7.5000000000000000        3.4276200000000001        1.1370379447966000E-005
   7.5000000000000000        4.1807499999999997        7.8394880924051993E-007
   7.5000000000000000        5.0670400000000004        1.3640114142393200E-008
   7.5000000000000000        6.0801100000000003        1.7745779737932402E-008
   7.5000000000000000        7.1812800000000001        4.1180182690569998E-009
   7.5000000000000000        8.2809200000000001        5.4771675447104009E-010
   7.5000000000000000        9.2300000000000004        7.7758303851074003E-011
   7.5000000000000000        9.8451900000000006        1.9801335649033400E-011
   7.5000000000000000        10.675300000000000        2.4397161644224601E-012
   7.5000000000000000        13.387900000000000        9.7922760743038004E-016
   7.5000000000000000        17.613800000000001        2.2215987331183799E-017
   7.5000000000000000        22.386199999999999        6.1782705640194003E-019
   7.5000000000000000        26.612100000000002        8.0846077576417999E-024
   7.5000000000000000        29.324700000000000        7.1937550441680003E-026
   11.000000000000000        3.6990000000000000E-003   1.6658744468366002     
   11.000000000000000        1.9593099999999999E-002   1.6636130788092203     
   11.000000000000000        4.8614400000000002E-002   1.6516984713490801     
   11.000000000000000        9.1521099999999994E-002   1.6161914414322600     
   11.000000000000000       0.14944800000000000        1.5376986862899200     
   11.000000000000000       0.22396500000000000        1.3961638842551400     
   11.000000000000000       0.31716100000000003        1.1835558242708202     
   11.000000000000000       0.43174499999999999       0.91598823348494007     
   11.000000000000000       0.57118599999999997       0.63252397530937998     
   11.000000000000000       0.73989799999999994       0.37837067758644000     
   11.000000000000000       0.94346200000000002       0.18466773324183802     
   11.000000000000000        1.1889000000000001        6.5767922802581993E-002
   11.000000000000000        1.4850200000000000        1.4971598165216000E-002
   11.000000000000000        1.8426800000000001        2.0695937576514201E-003
   11.000000000000000        2.2751100000000002        2.5402503513849000E-004
   11.000000000000000        2.7977699999999999        5.9888365931393998E-005
   11.000000000000000        3.4276200000000001        1.1643282762265000E-005
   11.000000000000000        4.1807499999999997        8.4027384324883997E-007
   11.000000000000000        5.0670400000000004        2.2671339238686599E-008
   11.000000000000000        6.0801100000000003        1.5899311572190200E-008
   11.000000000000000        7.1812800000000001        3.5710118919767602E-009
   11.000000000000000        8.2809200000000001        4.7105519438053997E-010
   11.000000000000000        9.2300000000000004        6.6649580075386010E-011
   11.000000000000000        9.8451900000000006        1.6942185047295201E-011
   11.000000000000000        10.675300000000000        2.0815162581936800E-012
   11.000000000000000        13.387900000000000        1.1056511037464201E-015
   11.000000000000000        17.613800000000001        4.0924446829882002E-017
   11.000000000000000        22.386199999999999        5.6547224269998004E-019
   11.000000000000000        26.612100000000002        1.4950918290061599E-023
   11.000000000000000        29.324700000000000        7.1911108616578003E-026
   16.000000000000000        3.6990000000000000E-003  0.48025458159140000     
   16.000000000000000        1.9593099999999999E-002  0.47976521049995996     
   16.000000000000000        4.8614400000000002E-002  0.47717627956460001     
   16.000000000000000        9.1521099999999994E-002  0.46942132638170003     
   16.000000000000000       0.14944800000000000       0.45214731616208004     
   16.000000000000000       0.22396500000000000       0.42050000340194005     
   16.000000000000000       0.31716100000000003       0.37133912537983799     
   16.000000000000000       0.43174499999999999       0.30624527179030397     
   16.000000000000000       0.57118599999999997       0.23266004045607400     
   16.000000000000000       0.73989799999999994       0.16015852929692001     
   16.000000000000000       0.94346200000000002        9.6116034245770005E-002
   16.000000000000000        1.1889000000000001        4.5460995778352005E-002
   16.000000000000000        1.4850200000000000        1.4344926910298600E-002
   16.000000000000000        1.8426800000000001        2.7809617302574801E-003
   16.000000000000000        2.2751100000000002        4.2679868293370003E-004
   16.000000000000000        2.7977699999999999        8.0821214367740008E-005
   16.000000000000000        3.4276200000000001        1.3338598405409200E-005
   16.000000000000000        4.1807499999999997        1.0195336312761601E-006
   16.000000000000000        5.0670400000000004        3.9271280245258600E-008
   16.000000000000000        6.0801100000000003        1.4839704762990802E-008
   16.000000000000000        7.1812800000000001        3.1329813531863002E-009
   16.000000000000000        8.2809200000000001        4.0743300595228005E-010
   16.000000000000000        9.2300000000000004        5.7385469591141998E-011
   16.000000000000000        9.8451900000000006        1.4572129279122801E-011
   16.000000000000000        10.675300000000000        1.7938213080018000E-012
   16.000000000000000        13.387900000000000        1.5956694279202600E-015
   16.000000000000000        17.613800000000001        7.4738410631962003E-017
   16.000000000000000        22.386199999999999        5.3568375077910001E-019
   16.000000000000000        26.612100000000002        2.7753773746575802E-023
   16.000000000000000        29.324700000000000        7.9269434422948006E-026
   22.000000000000000        3.6990000000000000E-003  0.14394732258475801     
   22.000000000000000        1.9593099999999999E-002  0.14383958201381999     
   22.000000000000000        4.8614400000000002E-002  0.14325746720747001     
   22.000000000000000        9.1521099999999994E-002  0.14148704888795402     
   22.000000000000000       0.14944800000000000       0.13751248738642802     
   22.000000000000000       0.22396500000000000       0.13019638956940000     
   22.000000000000000       0.31716100000000003       0.11870485131089199     
   22.000000000000000       0.43174499999999999       0.10312588047654200     
   22.000000000000000       0.57118599999999997        8.4615813596930003E-002
   22.000000000000000       0.73989799999999994        6.5132135037815994E-002
   22.000000000000000       0.94346200000000002        4.6186370025180001E-002
   22.000000000000000        1.1889000000000001        2.8185564803950403E-002
   22.000000000000000        1.4850200000000000        1.2640376361074001E-002
   22.000000000000000        1.8426800000000001        3.4913391210574800E-003
   22.000000000000000        2.2751100000000002        6.5292364604851993E-004
   22.000000000000000        2.7977699999999999        1.1364538567197201E-004
   22.000000000000000        3.4276200000000001        1.6690198400614200E-005
   22.000000000000000        4.1807499999999997        1.3401466804495001E-006
   22.000000000000000        5.0670400000000004        6.3801361392384005E-008
   22.000000000000000        6.0801100000000003        1.4648731641097400E-008
   22.000000000000000        7.1812800000000001        2.8298554274498201E-009
   22.000000000000000        8.2809200000000001        3.6078567993129199E-010
   22.000000000000000        9.2300000000000004        5.0580054187278001E-011
   22.000000000000000        9.8451900000000006        1.2859409389904000E-011
   22.000000000000000        10.675300000000000        1.6023193496063600E-012
   22.000000000000000        13.387900000000000        2.5581597547151800E-015
   22.000000000000000        17.613800000000001        1.2453626038114801E-016
   22.000000000000000        22.386199999999999        5.2847342026248007E-019
   22.000000000000000        26.612100000000002        4.7610282039628001E-023
   22.000000000000000        29.324700000000000        9.4810123809016003E-026
   32.000000000000000        3.6990000000000000E-003   2.8284386192092798E-002
   32.000000000000000        1.9593099999999999E-002   2.8270770625435804E-002
   32.000000000000000        4.8614400000000002E-002   2.8201982414760001E-002
   32.000000000000000        9.1521099999999994E-002   2.7989027059162404E-002
   32.000000000000000       0.14944800000000000        2.7511495590902400E-002
   32.000000000000000       0.22396500000000000        2.6632443035198003E-002
   32.000000000000000       0.31716100000000003        2.5248904135793799E-002
   32.000000000000000       0.43174499999999999        2.3341540841495801E-002
   32.000000000000000       0.57118599999999997        2.0999900168955400E-002
   32.000000000000000       0.73989799999999994        1.8340997060601601E-002
   32.000000000000000       0.94346200000000002        1.5434053846626800E-002
   32.000000000000000        1.1889000000000001        1.2150452753885602E-002
   32.000000000000000        1.4850200000000000        8.1446741125750007E-003
   32.000000000000000        1.8426800000000001        3.7952385688417201E-003
   32.000000000000000        2.2751100000000002        1.0208438829080800E-003
   32.000000000000000        2.7977699999999999        1.8320672374142600E-004
   32.000000000000000        3.4276200000000001        2.4770899082606601E-005
   32.000000000000000        4.1807499999999997        2.0762555189606998E-006
   32.000000000000000        5.0670400000000004        1.1337899415042202E-007
   32.000000000000000        6.0801100000000003        1.5452247400913400E-008
   32.000000000000000        7.1812800000000001        2.5449704144926600E-009
   32.000000000000000        8.2809200000000001        3.1290782240779601E-010
   32.000000000000000        9.2300000000000004        4.3680711106186004E-011
   32.000000000000000        9.8451900000000006        1.1199257427604400E-011
   32.000000000000000        10.675300000000000        1.4568774719221802E-012
   32.000000000000000        13.387900000000000        4.8936714489894000E-015
   32.000000000000000        17.613800000000001        2.2485851808866599E-016
   32.000000000000000        22.386199999999999        5.4510019774826005E-019
   32.000000000000000        26.612100000000002        9.1514367369809998E-023
   32.000000000000000        29.324700000000000        1.3167397454226401E-025
   40.000000000000000        3.6990000000000000E-003   9.2835274662591994E-003
   40.000000000000000        1.9593099999999999E-002   9.2808043529278000E-003
   40.000000000000000        4.8614400000000002E-002   9.2701486920657994E-003
   40.000000000000000        9.1521099999999994E-002   9.2353007345059995E-003
   40.000000000000000       0.14944800000000000        9.1583431838360013E-003
   40.000000000000000       0.22396500000000000        9.0194644039345989E-003
   40.000000000000000       0.31716100000000003        8.8046541740388010E-003
   40.000000000000000       0.43174499999999999        8.5120181544398009E-003
   40.000000000000000       0.57118599999999997        8.1547772576885998E-003
   40.000000000000000       0.73989799999999994        7.7101204764584005E-003
   40.000000000000000       0.94346200000000002        7.1263875882738009E-003
   40.000000000000000        1.1889000000000001        6.3231875517426005E-003
   40.000000000000000        1.4850200000000000        5.1423430011800003E-003
   40.000000000000000        1.8426800000000001        3.2699460606736004E-003
   40.000000000000000        2.2751100000000002        1.2219911876541600E-003
   40.000000000000000        2.7977699999999999        2.4900108836910999E-004
   40.000000000000000        3.4276200000000001        3.3237413618624601E-005
   40.000000000000000        4.1807499999999997        2.8258852071434600E-006
   40.000000000000000        5.0670400000000004        1.5929423680477999E-007
   40.000000000000000        6.0801100000000003        1.6529810971935802E-008
   40.000000000000000        7.1812800000000001        2.4031238357141403E-009
   40.000000000000000        8.2809200000000001        2.8698694072571598E-010
   40.000000000000000        9.2300000000000004        4.0088964087480001E-011
   40.000000000000000        9.8451900000000006        1.0412317140240401E-011
   40.000000000000000        10.675300000000000        1.4264022818568601E-012
   40.000000000000000        13.387900000000000        7.2854331929918007E-015
   40.000000000000000        17.613800000000001        3.1987504599512002E-016
   40.000000000000000        22.386199999999999        5.7051986871571995E-019
   40.000000000000000        26.612100000000002        1.3645797161519599E-022
   40.000000000000000        29.324700000000000        1.6869174037685199E-025
   50.000000000000000        3.6990000000000000E-003   2.7399887409725603E-003
   50.000000000000000        1.9593099999999999E-002   2.7403320900447801E-003
   50.000000000000000        4.8614400000000002E-002   2.7414094957541602E-003
   50.000000000000000        9.1521099999999994E-002   2.7441049832981402E-003
   50.000000000000000       0.14944800000000000        2.7512482226167401E-003
   50.000000000000000       0.22396500000000000        2.7670975315136999E-003
   50.000000000000000       0.31716100000000003        2.7994631147467601E-003
   50.000000000000000       0.43174499999999999        2.8557565764266001E-003
   50.000000000000000       0.57118599999999997        2.9337836397238600E-003
   50.000000000000000       0.73989799999999994        3.0138115993385401E-003
   50.000000000000000       0.94346200000000002        3.0491844468593203E-003
   50.000000000000000        1.1889000000000001        2.9848045225475402E-003
   50.000000000000000        1.4850200000000000        2.7762692929371399E-003
   50.000000000000000        1.8426800000000001        2.2919734533003002E-003
   50.000000000000000        2.2751100000000002        1.2733751522553600E-003
   50.000000000000000        2.7977699999999999        3.3240807643936202E-004
   50.000000000000000        3.4276200000000001        4.6153219080275998E-005
   50.000000000000000        4.1807499999999997        3.9525792678218002E-006
   50.000000000000000        5.0670400000000004        2.2324280417870202E-007
   50.000000000000000        6.0801100000000003        1.8071724564077799E-008
   50.000000000000000        7.1812800000000001        2.2703661409968003E-009
   50.000000000000000        8.2809200000000001        2.6202309525068600E-010
   50.000000000000000        9.2300000000000004        3.6861561739433202E-011
   50.000000000000000        9.8451900000000006        9.8048655402852002E-012
   50.000000000000000        10.675300000000000        1.4538583680112801E-012
   50.000000000000000        13.387900000000000        1.0752666841254801E-014
   50.000000000000000        17.613800000000001        4.5403770932981996E-016
   50.000000000000000        22.386199999999999        6.1326880147764009E-019
   50.000000000000000        26.612100000000002        2.0509345115197399E-022
   50.000000000000000        29.324700000000000        2.2287972240118200E-025
   60.000000000000000        3.6990000000000000E-003   8.3425536813234004E-004
   60.000000000000000        1.9593099999999999E-002   8.3474868576484005E-004
   60.000000000000000        4.8614400000000002E-002   8.3736129594656002E-004
   60.000000000000000        9.1521099999999994E-002   8.4525832460762007E-004
   60.000000000000000       0.14944800000000000        8.6310458328094010E-004
   60.000000000000000       0.22396500000000000        8.9802752512087997E-004
   60.000000000000000       0.31716100000000003        9.5835435176404001E-004
   60.000000000000000       0.43174499999999999        1.0503797962011199E-003
   60.000000000000000       0.57118599999999997        1.1722331979696801E-003
   60.000000000000000       0.73989799999999994        1.3105555155816201E-003
   60.000000000000000       0.94346200000000002        1.4357911030386001E-003
   60.000000000000000        1.1889000000000001        1.5150258079002202E-003
   60.000000000000000        1.4850200000000000        1.5352755100790801E-003
   60.000000000000000        1.8426800000000001        1.4849807908104400E-003
   60.000000000000000        2.2751100000000002        1.1063930534657000E-003
   60.000000000000000        2.7977699999999999        3.9896767537857996E-004
   60.000000000000000        3.4276200000000001        6.1376606565120007E-005
   60.000000000000000        4.1807499999999997        5.2888386053271998E-006
   60.000000000000000        5.0670400000000004        2.9391272563191003E-007
   60.000000000000000        6.0801100000000003        1.9672994133762201E-008
   60.000000000000000        7.1812800000000001        2.1595314818677600E-009
   60.000000000000000        8.2809200000000001        2.4177220910950802E-010
   60.000000000000000        9.2300000000000004        3.4507923582070404E-011
   60.000000000000000        9.8451900000000006        9.4701593929866011E-012
   60.000000000000000        10.675300000000000        1.5318420193568802E-012
   60.000000000000000        13.387900000000000        1.4568103807241600E-014
   60.000000000000000        17.613800000000001        5.9471216541351996E-016
   60.000000000000000        22.386199999999999        6.7010688582376010E-019
   60.000000000000000        26.612100000000002        2.8770205396578803E-022
   60.000000000000000        29.324700000000000        2.8458270791196403E-025
   82.000000000000000        3.6990000000000000E-003   6.3626134969320012E-005
   82.000000000000000        1.9593099999999999E-002   6.3856612967224009E-005
   82.000000000000000        4.8614400000000002E-002   6.5118716798212009E-005
   82.000000000000000        9.1521099999999994E-002   6.8850960678653998E-005
   82.000000000000000       0.14944800000000000        7.7386145029116003E-005
   82.000000000000000       0.22396500000000000        9.3849535715011999E-005
   82.000000000000000       0.31716100000000003        1.2186326812121002E-004
   82.000000000000000       0.43174499999999999        1.6443736911417201E-004
   82.000000000000000       0.57118599999999997        2.2234180885470398E-004
   82.000000000000000       0.73989799999999994        2.9183723968845602E-004
   82.000000000000000       0.94346200000000002        3.6437900556642201E-004
   82.000000000000000        1.1889000000000001        4.2963229941478002E-004
   82.000000000000000        1.4850200000000000        4.8420506919246001E-004
   82.000000000000000        1.8426800000000001        5.3575478851817994E-004
   82.000000000000000        2.2751100000000002        5.7894968041987999E-004
   82.000000000000000        2.7977699999999999        4.0362854037044002E-004
   82.000000000000000        3.4276200000000001        9.6940861327310003E-005
   82.000000000000000        4.1807499999999997        8.9735266659961999E-006
   82.000000000000000        5.0670400000000004        4.7291401521980004E-007
   82.000000000000000        6.0801100000000003        2.3121323850347800E-008
   82.000000000000000        7.1812800000000001        1.9333394275549203E-009
   82.000000000000000        8.2809200000000001        2.0536497317690201E-010
   82.000000000000000        9.2300000000000004        3.1091718709713200E-011
   82.000000000000000        9.8451900000000006        9.3065752660496014E-012
   82.000000000000000        10.675300000000000        1.8126226296116401E-012
   82.000000000000000        13.387900000000000        2.3345211124681603E-014
   82.000000000000000        17.613800000000001        8.9239581102826010E-016
   82.000000000000000        22.386199999999999        8.3729815128960002E-019
   82.000000000000000        26.612100000000002        5.1950687897416006E-022
   82.000000000000000        29.324700000000000        4.4544214290113996E-025
   103.00000000000000        3.6990000000000000E-003   1.6120436267782001E-006
   103.00000000000000        1.9593099999999999E-002   1.7065435524599000E-006
   103.00000000000000        4.8614400000000002E-002   2.2091671287793801E-006
   103.00000000000000        9.1521099999999994E-002   3.7258504839248006E-006
   103.00000000000000       0.14944800000000000        7.1799421504580003E-006
   103.00000000000000       0.22396500000000000        1.3813840879854401E-005
   103.00000000000000       0.31716100000000003        2.5059272837860803E-005
   103.00000000000000       0.43174499999999999        4.2238250348755999E-005
   103.00000000000000       0.57118599999999997        6.6024842625588001E-005
   103.00000000000000       0.73989799999999994        9.5750189889507990E-005
   103.00000000000000       0.94346200000000002        1.2886837850271000E-004
   103.00000000000000        1.1889000000000001        1.6169333911515401E-004
   103.00000000000000        1.4850200000000000        1.9247793799957803E-004
   103.00000000000000        1.8426800000000001        2.2537709358394999E-004
   103.00000000000000        2.2751100000000002        2.6978396824517599E-004
   103.00000000000000        2.7977699999999999        2.7294593694244802E-004
   103.00000000000000        3.4276200000000001        1.1683419084845200E-004
   103.00000000000000        4.1807499999999997        1.3265547930388600E-005
   103.00000000000000        5.0670400000000004        6.7625165025418002E-007
   103.00000000000000        6.0801100000000003        2.6261073521452001E-008
   103.00000000000000        7.1812800000000001        1.7153719648111199E-009
   103.00000000000000        8.2809200000000001        1.7639144198491201E-010
   103.00000000000000        9.2300000000000004        2.9181395509620198E-011
   103.00000000000000        9.8451900000000006        9.5780972909775996E-012
   103.00000000000000        10.675300000000000        2.1519778022789200E-012
   103.00000000000000        13.387900000000000        3.1148746228030200E-014
   103.00000000000000        17.613800000000001        1.1457755867034399E-015
   103.00000000000000        22.386199999999999        1.4355543105749998E-018
   103.00000000000000        26.612100000000002        8.0438005230814011E-022
   103.00000000000000        29.324700000000000        6.2871161664542002E-025
   125.00000000000000        3.6990000000000000E-003   1.5774758736336598E-006
   125.00000000000000        1.9593099999999999E-002   1.6134722746419202E-006
   125.00000000000000        4.8614400000000002E-002   1.8068961985335801E-006
   125.00000000000000        9.1521099999999994E-002   2.3904672785347204E-006
   125.00000000000000       0.14944800000000000        3.7241140058584001E-006
   125.00000000000000       0.22396500000000000        6.2900366068385998E-006
   125.00000000000000       0.31716100000000003        1.0655226742483400E-005
   125.00000000000000       0.43174499999999999        1.7378988211815999E-005
   125.00000000000000       0.57118599999999997        2.6876418203527203E-005
   125.00000000000000       0.73989799999999994        3.9182956656335799E-005
   125.00000000000000       0.94346200000000002        5.3685192693286009E-005
   125.00000000000000        1.1889000000000001        6.9186022014647996E-005
   125.00000000000000        1.4850200000000000        8.4666329322498002E-005
   125.00000000000000        1.8426800000000001        1.0179392286879200E-004
   125.00000000000000        2.2751100000000002        1.2356698989681201E-004
   125.00000000000000        2.7977699999999999        1.5286334814751000E-004
   125.00000000000000        3.4276200000000001        1.0439311481090800E-004
   125.00000000000000        4.1807499999999997        1.7852533673605400E-005
   125.00000000000000        5.0670400000000004        9.2537705466667999E-007
   125.00000000000000        6.0801100000000003        2.9440485930209200E-008
   125.00000000000000        7.1812800000000001        1.4823642340876601E-009
   125.00000000000000        8.2809200000000001        1.5015444236392601E-010
   125.00000000000000        9.2300000000000004        2.8037332721736800E-011
   125.00000000000000        9.8451900000000006        1.0097225302010001E-011
   125.00000000000000        10.675300000000000        2.5236314669812399E-012
   125.00000000000000        13.387900000000000        3.7862957067997601E-014
   125.00000000000000        17.613800000000001        1.3659688986050799E-015
   125.00000000000000        22.386199999999999        2.1013318408559401E-018
   125.00000000000000        26.612100000000002        1.1677775531129401E-021
   125.00000000000000        29.324700000000000        8.5056642233331995E-025
   150.00000000000000        3.6990000000000000E-003   3.4393631752972802E-006
   150.00000000000000        1.9593099999999999E-002   3.4530497796933596E-006
   150.00000000000000        4.8614400000000002E-002   3.5263804591292206E-006
   150.00000000000000        9.1521099999999994E-002   3.7481957994065204E-006
   150.00000000000000       0.14944800000000000        4.2556736212297997E-006
   150.00000000000000       0.22396500000000000        5.2314558983148003E-006
   150.00000000000000       0.31716100000000003        6.8899108479585998E-006
   150.00000000000000       0.43174499999999999        9.4509792034350004E-006
   150.00000000000000       0.57118599999999997        1.3111080313300202E-005
   150.00000000000000       0.73989799999999994        1.7986795000466602E-005
   150.00000000000000       0.94346200000000002        2.4041499363897400E-005
   150.00000000000000        1.1889000000000001        3.0975848264191603E-005
   150.00000000000000        1.4850200000000000        3.8387649701924601E-005
   150.00000000000000        1.8426800000000001        4.6593258408466004E-005
   150.00000000000000        2.2751100000000002        5.7094214860914006E-005
   150.00000000000000        2.7977699999999999        7.2687393243080003E-005
   150.00000000000000        3.4276200000000001        7.0284739045751998E-005
   150.00000000000000        4.1807499999999997        2.0879175477930002E-005
   150.00000000000000        5.0670400000000004        1.2407333111481000E-006
   150.00000000000000        6.0801100000000003        3.3029865024279199E-008
   150.00000000000000        7.1812800000000001        1.2188418478882799E-009
   150.00000000000000        8.2809200000000001        1.2503431386292002E-010
   150.00000000000000        9.2300000000000004        2.7490460527052600E-011
   150.00000000000000        9.8451900000000006        1.0838069989793199E-011
   150.00000000000000        10.675300000000000        2.9231279788618602E-012
   150.00000000000000        13.387900000000000        4.3353937506418003E-014
   150.00000000000000        17.613800000000001        1.5497553692282201E-015
   150.00000000000000        22.386199999999999        2.6497195073071800E-018
   150.00000000000000        26.612100000000002        1.6605900283572601E-021
   150.00000000000000        29.324700000000000        1.1484908069527200E-024
   175.00000000000000        3.6990000000000000E-003   2.5062074882013400E-006
   175.00000000000000        1.9593099999999999E-002   2.5136703973458002E-006
   175.00000000000000        4.8614400000000002E-002   2.5521925846324601E-006
   175.00000000000000        9.1521099999999994E-002   2.6692785648005403E-006
   175.00000000000000       0.14944800000000000        2.9339849133179203E-006
   175.00000000000000       0.22396500000000000        3.4338656436007004E-006
   175.00000000000000       0.31716100000000003        4.2620670177470004E-006
   175.00000000000000       0.43174499999999999        5.5045960050773998E-006
   175.00000000000000       0.57118599999999997        7.2281294168006006E-006
   175.00000000000000       0.73989799999999994        9.4887476013792011E-006
   175.00000000000000       0.94346200000000002        1.2327021000910001E-005
   175.00000000000000        1.1889000000000001        1.5679726027611800E-005
   175.00000000000000        1.4850200000000000        1.9433557487652001E-005
   175.00000000000000        1.8426800000000001        2.3529711919236600E-005
   175.00000000000000        2.2751100000000002        2.8767403352426201E-005
   175.00000000000000        2.7977699999999999        3.5051875336370201E-005
   175.00000000000000        3.4276200000000001        4.1629693717303996E-005
   175.00000000000000        4.1807499999999997        1.9323804180773403E-005
   175.00000000000000        5.0670400000000004        1.5598387816365201E-006
   175.00000000000000        6.0801100000000003        3.6634754024714996E-008
   175.00000000000000        7.1812800000000001        9.6690650624105998E-010
   175.00000000000000        8.2809200000000001        1.0545828624300200E-010
   175.00000000000000        9.2300000000000004        2.7632812263086804E-011
   175.00000000000000        9.8451900000000006        1.1669527260313999E-011
   175.00000000000000        10.675300000000000        3.2767222716736199E-012
   175.00000000000000        13.387900000000000        4.6811107474977999E-014
   175.00000000000000        17.613800000000001        1.6835312715390399E-015
   175.00000000000000        22.386199999999999        3.5444792964303804E-018
   175.00000000000000        26.612100000000002        2.2381663124882603E-021
   175.00000000000000        29.324700000000000        1.5066670339351399E-024
   190.00000000000000        3.6990000000000000E-003   1.8091062615271801E-006
   190.00000000000000        1.9593099999999999E-002   1.8147498152429802E-006
   190.00000000000000        4.8614400000000002E-002   1.8440173637439402E-006
   190.00000000000000        9.1521099999999994E-002   1.9326921948210803E-006
   190.00000000000000       0.14944800000000000        2.1313965906510199E-006
   190.00000000000000       0.22396500000000000        2.5030186830248601E-006
   190.00000000000000       0.31716100000000003        3.1078024212235006E-006
   190.00000000000000       0.43174499999999999        3.9933470369715996E-006
   190.00000000000000       0.57118599999999997        5.1866626572838003E-006
   190.00000000000000       0.73989799999999994        6.7122375694374003E-006
   190.00000000000000       0.94346200000000002        8.6046829385285991E-006
   190.00000000000000        1.1889000000000001        1.0850304267079201E-005
   190.00000000000000        1.4850200000000000        1.3408452182171201E-005
   190.00000000000000        1.8426800000000001        1.6194946962994799E-005
   190.00000000000000        2.2751100000000002        1.9671928567676000E-005
   190.00000000000000        2.7977699999999999        2.3577307204420202E-005
   190.00000000000000        3.4276200000000001        2.9459902912224402E-005
   190.00000000000000        4.1807499999999997        1.6791150920929002E-005
   190.00000000000000        5.0670400000000004        1.7199223266533001E-006
   190.00000000000000        6.0801100000000003        3.8685218897848600E-008
   190.00000000000000        7.1812800000000001        8.2668590237926003E-010
   190.00000000000000        8.2809200000000001        9.6837067297432000E-011
   190.00000000000000        9.2300000000000004        2.8048817156221403E-011
   190.00000000000000        9.8451900000000006        1.2202626026698800E-011
   190.00000000000000        10.675300000000000        3.4655761010177997E-012
   190.00000000000000        13.387900000000000        4.8197922003462002E-014
   190.00000000000000        17.613800000000001        1.7527417621082600E-015
   190.00000000000000        22.386199999999999        4.3112014539439999E-018
   190.00000000000000        26.612100000000002        2.6257797892372202E-021
   190.00000000000000        29.324700000000000        1.7479901266720203E-024
