   1.0000000000000000E-002   3.6990000000000000E-003  -6.5546800376251311E-006
   1.0000000000000000E-002   1.9593099999999999E-002  -1.8319518208209602E-004
   1.0000000000000000E-002   4.8614400000000002E-002  -1.1100596762346668E-003
   1.0000000000000000E-002   9.1521099999999994E-002  -3.7482324430402622E-003
   1.0000000000000000E-002  0.14944800000000000       -8.9252032538533841E-003
   1.0000000000000000E-002  0.22396500000000000       -1.6189800278798454E-002
   1.0000000000000000E-002  0.31716100000000003       -2.2821346376405462E-002
   1.0000000000000000E-002  0.43174499999999999       -2.5124136213452431E-002
   1.0000000000000000E-002  0.57118599999999997       -2.1561605951263947E-002
   1.0000000000000000E-002  0.73989799999999994       -1.4315979130287027E-002
   1.0000000000000000E-002  0.94346200000000002       -7.2159602377093856E-003
   1.0000000000000000E-002   1.1889000000000001       -2.6230881992971907E-003
   1.0000000000000000E-002   1.4850200000000000       -5.8906775135176897E-004
   1.0000000000000000E-002   1.8426800000000001       -1.9049937318474603E-005
   1.0000000000000000E-002   2.2751100000000002        4.0576558712526310E-005
   1.0000000000000000E-002   2.7977699999999999        1.5664967999475953E-005
   1.0000000000000000E-002   3.4276200000000001        2.7301010293463532E-006
   1.0000000000000000E-002   4.1807499999999997        1.7492997579076855E-007
   1.0000000000000000E-002   5.0670400000000004       -1.6024503451704941E-010
   1.0000000000000000E-002   6.0801100000000003        3.6775937389044332E-009
   1.0000000000000000E-002   7.1812800000000001        8.8824576897898469E-010
   1.0000000000000000E-002   8.2809200000000001        7.4311274471126558E-011
   1.0000000000000000E-002   9.2300000000000004        3.0867403330391378E-012
   1.0000000000000000E-002   9.8451900000000006       -2.0223178907016875E-013
   1.0000000000000000E-002   10.675300000000000       -1.1284271236448992E-013
   1.0000000000000000E-002   13.387900000000000        2.1008502879610033E-016
   1.0000000000000000E-002   17.613800000000001        2.9627940009249938E-017
   1.0000000000000000E-002   22.386199999999999       -1.6268396489752103E-019
   1.0000000000000000E-002   26.612100000000002       -1.0345363968891768E-022
   1.0000000000000000E-002   29.324700000000000       -5.6812025894331032E-025
   2.9999999999999999E-002   3.6990000000000000E-003  -1.1169116016249229E-005
   2.9999999999999999E-002   1.9593099999999999E-002  -3.1197745791186474E-004
   2.9999999999999999E-002   4.8614400000000002E-002  -1.8909516723644583E-003
   2.9999999999999999E-002   9.1521099999999994E-002  -6.3880838809520814E-003
   2.9999999999999999E-002  0.14944800000000000       -1.5207598952679367E-002
   2.9999999999999999E-002  0.22396500000000000       -2.7595444340396666E-002
   2.9999999999999999E-002  0.31716100000000003       -3.8944180463871991E-002
   2.9999999999999999E-002  0.43174499999999999       -4.2914210744279951E-002
   2.9999999999999999E-002  0.57118599999999997       -3.6870473423800787E-002
   2.9999999999999999E-002  0.73989799999999994       -2.4509093935085952E-002
   2.9999999999999999E-002  0.94346200000000002       -1.2365402770265746E-002
   2.9999999999999999E-002   1.1889000000000001       -4.4980256966038884E-003
   2.9999999999999999E-002   1.4850200000000000       -1.0104216698161317E-003
   2.9999999999999999E-002   1.8426800000000001       -3.2541201843641836E-005
   2.9999999999999999E-002   2.2751100000000002        6.9711125976816988E-005
   2.9999999999999999E-002   2.7977699999999999        2.6906690768308147E-005
   2.9999999999999999E-002   3.4276200000000001        4.6891480766801777E-006
   2.9999999999999999E-002   4.1807499999999997        3.0047482580804081E-007
   2.9999999999999999E-002   5.0670400000000004       -2.7478773043030464E-010
   2.9999999999999999E-002   6.0801100000000003        6.3143569500477283E-009
   2.9999999999999999E-002   7.1812800000000001        1.5251643315443598E-009
   2.9999999999999999E-002   8.2809200000000001        1.2759207214686613E-010
   2.9999999999999999E-002   9.2300000000000004        5.2988880136470825E-012
   2.9999999999999999E-002   9.8451900000000006       -3.4751574926839276E-013
   2.9999999999999999E-002   10.675300000000000       -1.9375160722834045E-013
   2.9999999999999999E-002   13.387900000000000        3.6006633086870031E-016
   2.9999999999999999E-002   17.613800000000001        5.0913576757046357E-017
   2.9999999999999999E-002   22.386199999999999       -2.7936987140958251E-019
   2.9999999999999999E-002   26.612100000000002       -1.7765551358890818E-022
   2.9999999999999999E-002   29.324700000000000       -9.7564948156959297E-025
   5.9999999999999998E-002   3.6990000000000000E-003  -1.5425920617483301E-005
   5.9999999999999998E-002   1.9593099999999999E-002  -4.3087795603590054E-004
   5.9999999999999998E-002   4.8614400000000002E-002  -2.6099517916619839E-003
   5.9999999999999998E-002   9.1521099999999994E-002  -8.8137777876613078E-003
   5.9999999999999998E-002  0.14944800000000000       -2.0993035160781531E-002
   5.9999999999999998E-002  0.22396500000000000       -3.8112059779799007E-002
   5.9999999999999998E-002  0.31716100000000003       -5.3866591506567842E-002
   5.9999999999999998E-002  0.43174499999999999       -5.9443867998441459E-002
   5.9999999999999998E-002  0.57118599999999997       -5.1158713204948802E-002
   5.9999999999999998E-002  0.73989799999999994       -3.4066502372528243E-002
   5.9999999999999998E-002  0.94346200000000002       -1.7211666167845786E-002
   5.9999999999999998E-002   1.1889000000000001       -6.2671653733219531E-003
   5.9999999999999998E-002   1.4850200000000000       -1.4084673947243203E-003
   5.9999999999999998E-002   1.8426800000000001       -4.5076351087115428E-005
   5.9999999999999998E-002   2.2751100000000002        9.7404885956119195E-005
   5.9999999999999998E-002   2.7977699999999999        3.7583362324266905E-005
   5.9999999999999998E-002   3.4276200000000001        6.5494318158337576E-006
   5.9999999999999998E-002   4.1807499999999997        4.1971918380510593E-007
   5.9999999999999998E-002   5.0670400000000004       -3.8285101792386297E-010
   5.9999999999999998E-002   6.0801100000000003        8.8148962433175245E-009
   5.9999999999999998E-002   7.1812800000000001        2.1292880634765035E-009
   5.9999999999999998E-002   8.2809200000000001        1.7812135496052600E-010
   5.9999999999999998E-002   9.2300000000000004        7.3952214474781227E-012
   5.9999999999999998E-002   9.8451900000000006       -4.8574101078000644E-013
   5.9999999999999998E-002   10.675300000000000       -2.7048312542241536E-013
   5.9999999999999998E-002   13.387900000000000        5.0132984402046543E-016
   5.9999999999999998E-002   17.613800000000001        7.1166979715988190E-017
   5.9999999999999998E-002   22.386199999999999       -3.9009956626065668E-019
   5.9999999999999998E-002   26.612100000000002       -2.4805686209682188E-022
   5.9999999999999998E-002   29.324700000000000       -1.3624429779278505E-024
   8.9999999999999997E-002   3.6990000000000000E-003  -1.8447293197511640E-005
   8.9999999999999997E-002   1.9593099999999999E-002  -5.1546729820867046E-004
   8.9999999999999997E-002   4.8614400000000002E-002  -3.1203934658213237E-003
   8.9999999999999997E-002   9.1521099999999994E-002  -1.0531789199133355E-002
   8.9999999999999997E-002  0.14944800000000000       -2.5101979345306325E-002
   8.9999999999999997E-002  0.22396500000000000       -4.5598342313686854E-002
   8.9999999999999997E-002  0.31716100000000003       -6.4535560105022163E-002
   8.9999999999999997E-002  0.43174499999999999       -7.1322474124396879E-002
   8.9999999999999997E-002  0.57118599999999997       -6.1485307132170847E-002
   8.9999999999999997E-002  0.73989799999999994       -4.1013835294246313E-002
   8.9999999999999997E-002  0.94346200000000002       -2.0751109727215368E-002
   8.9999999999999997E-002   1.1889000000000001       -7.5634865016484601E-003
   8.9999999999999997E-002   1.4850200000000000       -1.7005691296213469E-003
   8.9999999999999997E-002   1.8426800000000001       -5.4077525246507459E-005
   8.9999999999999997E-002   2.2751100000000002        1.1788697398949514E-004
   8.9999999999999997E-002   2.7977699999999999        4.5471152606290369E-005
   8.9999999999999997E-002   3.4276200000000001        7.9235047302987786E-006
   8.9999999999999997E-002   4.1807499999999997        5.0782466299235694E-007
   8.9999999999999997E-002   5.0670400000000004       -4.6199634349682657E-010
   8.9999999999999997E-002   6.0801100000000003        1.0658777331025392E-008
   8.9999999999999997E-002   7.1812800000000001        2.5748812935849870E-009
   8.9999999999999997E-002   8.2809200000000001        2.1538356923264710E-010
   8.9999999999999997E-002   9.2300000000000004        8.9396956807625278E-012
   8.9999999999999997E-002   9.8451900000000006       -5.8807765891680042E-013
   8.9999999999999997E-002   10.675300000000000       -3.2707041517458155E-013
   8.9999999999999997E-002   13.387900000000000        6.0458583199073949E-016
   8.9999999999999997E-002   17.613800000000001        8.6165614055389840E-017
   8.9999999999999997E-002   22.386199999999999       -4.7181823038977273E-019
   8.9999999999999997E-002   26.612100000000002       -3.0001996652653925E-022
   8.9999999999999997E-002   29.324700000000000       -1.6479639663176705E-024
  0.14000000000000001        3.6990000000000000E-003  -2.2100440502029118E-005
  0.14000000000000001        1.9593099999999999E-002  -6.1763414947492716E-004
  0.14000000000000001        4.8614400000000002E-002  -3.7389144228051389E-003
  0.14000000000000001        9.1521099999999994E-002  -1.2616267928373726E-002
  0.14000000000000001       0.14944800000000000       -3.0092751490535967E-002
  0.14000000000000001       0.22396500000000000       -5.4728806144839756E-002
  0.14000000000000001       0.31716100000000003       -7.7618232229137218E-002
  0.14000000000000001       0.43174499999999999       -8.5998944029334501E-002
  0.14000000000000001       0.57118599999999997       -7.4342947485044705E-002
  0.14000000000000001       0.73989799999999994       -4.9732235544157705E-002
  0.14000000000000001       0.94346200000000002       -2.5220920101109080E-002
  0.14000000000000001        1.1889000000000001       -9.2080199438391123E-003
  0.14000000000000001        1.4850200000000000       -2.0718566648298136E-003
  0.14000000000000001        1.8426800000000001       -6.5171260059249583E-005
  0.14000000000000001        2.2751100000000002        1.4420115522601983E-004
  0.14000000000000001        2.7977699999999999        5.5590075685191317E-005
  0.14000000000000001        3.4276200000000001        9.6858029843589822E-006
  0.14000000000000001        4.1807499999999997        6.2087046755254625E-007
  0.14000000000000001        5.0670400000000004       -5.6227243654029525E-010
  0.14000000000000001        6.0801100000000003        1.3018259543162640E-008
  0.14000000000000001        7.1812800000000001        3.1452244008704978E-009
  0.14000000000000001        8.2809200000000001        2.6306861921290053E-010
  0.14000000000000001        9.2300000000000004        1.0913627935195141E-011
  0.14000000000000001        9.8451900000000006       -7.1974977167831934E-013
  0.14000000000000001        10.675300000000000       -3.9948453185924182E-013
  0.14000000000000001        13.387900000000000        7.3515053447783455E-016
  0.14000000000000001        17.613800000000001        1.0546598298470426E-016
  0.14000000000000001        22.386199999999999       -5.7650014437332857E-019
  0.14000000000000001        26.612100000000002       -3.6656650787873608E-022
  0.14000000000000001        29.324700000000000       -2.0138449146222545E-024
  0.22000000000000000        3.6990000000000000E-003  -2.5981219361711075E-005
  0.22000000000000000        1.9593099999999999E-002  -7.2555223582980606E-004
  0.22000000000000000        4.8614400000000002E-002  -4.3976972023748616E-003
  0.22000000000000000        9.1521099999999994E-002  -1.4850297279195838E-002
  0.22000000000000000       0.14944800000000000       -3.5445073168719060E-002
  0.22000000000000000       0.22396500000000000       -6.4608596767149057E-002
  0.22000000000000000       0.31716100000000003       -9.1908725485230505E-002
  0.22000000000000000       0.43174499999999999      -0.10224709431235915     
  0.22000000000000000       0.57118599999999997       -8.8775565551061225E-002
  0.22000000000000000       0.73989799999999994       -5.9652793935616809E-002
  0.22000000000000000       0.94346200000000002       -3.0364254473403355E-002
  0.22000000000000000        1.1889000000000001       -1.1115274284004798E-002
  0.22000000000000000        1.4850200000000000       -2.5038983867598395E-003
  0.22000000000000000        1.8426800000000001       -7.7353664996192203E-005
  0.22000000000000000        2.2751100000000002        1.7539926577626376E-004
  0.22000000000000000        2.7977699999999999        6.7555434676727649E-005
  0.22000000000000000        3.4276200000000001        1.1768702248669024E-005
  0.22000000000000000        4.1807499999999997        7.5457666161530579E-007
  0.22000000000000000        5.0670400000000004       -6.7811925214729852E-010
  0.22000000000000000        6.0801100000000003        1.5796118157516403E-008
  0.22000000000000000        7.1812800000000001        3.8170516978986844E-009
  0.22000000000000000        8.2809200000000001        3.1921306628049925E-010
  0.22000000000000000        9.2300000000000004        1.3232657447328208E-011
  0.22000000000000000        9.8451900000000006       -8.7619467292897734E-013
  0.22000000000000000        10.675300000000000       -4.8474754868961740E-013
  0.22000000000000000        13.387900000000000        8.8574047567446087E-016
  0.22000000000000000        17.613800000000001        1.2842011843082848E-016
  0.22000000000000000        22.386199999999999       -6.9998418961935547E-019
  0.22000000000000000        26.612100000000002       -4.4505129273484526E-022
  0.22000000000000000        29.324700000000000       -2.4456894071465727E-024
  0.34999999999999998        3.6990000000000000E-003  -2.9616716747972970E-005
  0.34999999999999998        1.9593099999999999E-002  -8.2603304582440959E-004
  0.34999999999999998        4.8614400000000002E-002  -5.0114776729009306E-003
  0.34999999999999998        9.1521099999999994E-002  -1.6952290165679330E-002
  0.34999999999999998       0.14944800000000000       -4.0523172401253853E-002
  0.34999999999999998       0.22396500000000000       -7.4130445981668999E-002
  0.34999999999999998       0.31716100000000003      -0.10596161822344176     
  0.34999999999999998       0.43174499999999999      -0.11864523880818069     
  0.34999999999999998       0.57118599999999997      -0.10373411151835656     
  0.34999999999999998       0.73989799999999994       -7.0196125386061292E-002
  0.34999999999999998       0.94346200000000002       -3.5943908854929152E-002
  0.34999999999999998        1.1889000000000001       -1.3214037913265947E-002
  0.34999999999999998        1.4850200000000000       -2.9821337008851855E-003
  0.34999999999999998        1.8426800000000001       -8.9306474973793005E-005
  0.34999999999999998        2.2751100000000002        2.1113558676876399E-004
  0.34999999999999998        2.7977699999999999        8.1196179180391661E-005
  0.34999999999999998        3.4276200000000001        1.4141212597652750E-005
  0.34999999999999998        4.1807499999999997        9.0707148965171518E-007
  0.34999999999999998        5.0670400000000004       -8.0417305622954296E-010
  0.34999999999999998        6.0801100000000003        1.8937955074269784E-008
  0.34999999999999998        7.1812800000000001        4.5776163666428630E-009
  0.34999999999999998        8.2809200000000001        3.8272388089292329E-010
  0.34999999999999998        9.2300000000000004        1.5845480584403808E-011
  0.34999999999999998        9.8451900000000006       -1.0560403486559006E-012
  0.34999999999999998        10.675300000000000       -5.8119125358393831E-013
  0.34999999999999998        13.387900000000000        1.0494403507142097E-015
  0.34999999999999998        17.613800000000001        1.5480580763680047E-016
  0.34999999999999998        22.386199999999999       -8.4009962783093208E-019
  0.34999999999999998        26.612100000000002       -5.3406533944285374E-022
  0.34999999999999998        29.324700000000000       -2.9361142441903174E-024
  0.50000000000000000        3.6990000000000000E-003  -3.1669068067733251E-005
  0.50000000000000000        1.9593099999999999E-002  -8.8298627050595498E-004
  0.50000000000000000        4.8614400000000002E-002  -5.3507509548412152E-003
  0.50000000000000000        9.1521099999999994E-002  -1.8126615030410811E-002
  0.50000000000000000       0.14944800000000000       -4.3440376621984647E-002
  0.50000000000000000       0.22396500000000000       -7.9769776898534803E-002
  0.50000000000000000       0.31716100000000003      -0.11464690926312086     
  0.50000000000000000       0.43174499999999999      -0.12930030768902170     
  0.50000000000000000       0.57118599999999997      -0.11393580176222476     
  0.50000000000000000       0.73989799999999994       -7.7703246643381199E-002
  0.50000000000000000       0.94346200000000002       -4.0056529439778395E-002
  0.50000000000000000        1.1889000000000001       -1.4797293131226925E-002
  0.50000000000000000        1.4850200000000000       -3.3461312732581579E-003
  0.50000000000000000        1.8426800000000001       -9.6397185830884418E-005
  0.50000000000000000        2.2751100000000002        2.3988341231762677E-004
  0.50000000000000000        2.7977699999999999        9.2086361468938683E-005
  0.50000000000000000        3.4276200000000001        1.6032619779786353E-005
  0.50000000000000000        4.1807499999999997        1.0288892462614212E-006
  0.50000000000000000        5.0670400000000004       -8.9647022001860407E-010
  0.50000000000000000        6.0801100000000003        2.1415301665560982E-008
  0.50000000000000000        7.1812800000000001        5.1781701241892085E-009
  0.50000000000000000        8.2809200000000001        4.3281482051393020E-010
  0.50000000000000000        9.2300000000000004        1.7893596594694726E-011
  0.50000000000000000        9.8451900000000006       -1.2013776242559207E-012
  0.50000000000000000        10.675300000000000       -6.5723805900025156E-013
  0.50000000000000000        13.387900000000000        1.1706448829210251E-015
  0.50000000000000000        17.613800000000001        1.7618754394104713E-016
  0.50000000000000000        22.386199999999999       -9.5116769358733326E-019
  0.50000000000000000        26.612100000000002       -6.0457688749581614E-022
  0.50000000000000000        29.324700000000000       -3.3255323096939157E-024
  0.69999999999999996        3.6990000000000000E-003  -3.2502143420088653E-005
  0.69999999999999996        1.9593099999999999E-002  -9.0670853416350921E-004
  0.69999999999999996        4.8614400000000002E-002  -5.4869007015996250E-003
  0.69999999999999996        9.1521099999999994E-002  -1.8608769871522601E-002
  0.69999999999999996       0.14944800000000000       -4.4744116461155656E-002
  0.69999999999999996       0.22396500000000000       -8.2557426042618440E-002
  0.69999999999999996       0.31716100000000003      -0.11951508605686266     
  0.69999999999999996       0.43174499999999999      -0.13604166086512925     
  0.69999999999999996       0.57118599999999997      -0.12109574481586119     
  0.69999999999999996       0.73989799999999994       -8.3413036144426453E-002
  0.69999999999999996       0.94346200000000002       -4.3376145679597890E-002
  0.69999999999999996        1.1889000000000001       -1.6124641800599061E-002
  0.69999999999999996        1.4850200000000000       -3.6553724630306347E-003
  0.69999999999999996        1.8426800000000001       -9.9457254837987199E-005
  0.69999999999999996        2.2751100000000002        2.6654767631339158E-004
  0.69999999999999996        2.7977699999999999        1.0206998144266847E-004
  0.69999999999999996        3.4276200000000001        1.7762688298449866E-005
  0.69999999999999996        4.1807499999999997        1.1406360575860358E-006
  0.69999999999999996        5.0670400000000004       -9.6823382666306467E-010
  0.69999999999999996        6.0801100000000003        2.3643938265351662E-008
  0.69999999999999996        7.1812800000000001        5.7196081557999937E-009
  0.69999999999999996        8.2809200000000001        4.7789436198483847E-010
  0.69999999999999996        9.2300000000000004        1.9719318060476029E-011
  0.69999999999999996        9.8451900000000006       -1.3368767146561212E-012
  0.69999999999999996        10.675300000000000       -7.2562388133620926E-013
  0.69999999999999996        13.387900000000000        1.2688860604631366E-015
  0.69999999999999996        17.613800000000001        1.9619271152938265E-016
  0.69999999999999996        22.386199999999999       -1.0518780728887615E-018
  0.69999999999999996        26.612100000000002       -6.6851716822374414E-022
  0.69999999999999996        29.324700000000000       -3.6792834580760963E-024
   1.0500000000000000        3.6990000000000000E-003  -3.1404067701906899E-005
   1.0500000000000000        1.9593099999999999E-002  -8.7752475099654769E-004
   1.0500000000000000        4.8614400000000002E-002  -5.3227127538804445E-003
   1.0500000000000000        9.1521099999999994E-002  -1.8072454674173899E-002
   1.0500000000000000       0.14944800000000000       -4.3645251434761903E-002
   1.0500000000000000       0.22396500000000000       -8.1176866781714554E-002
   1.0500000000000000       0.31716100000000003      -0.11898696979856611     
   1.0500000000000000       0.43174499999999999      -0.13751173754362661     
   1.0500000000000000       0.57118599999999997      -0.12451393282510106     
   1.0500000000000000       0.73989799999999994       -8.7191612416912839E-002
   1.0500000000000000       0.94346200000000002       -4.6003398515285752E-002
   1.0500000000000000        1.1889000000000001       -1.7282505149251649E-002
   1.0500000000000000        1.4850200000000000       -3.9330134025451109E-003
   1.0500000000000000        1.8426800000000001       -9.5086184356162989E-005
   1.0500000000000000        2.2751100000000002        2.9574424627338745E-004
   1.0500000000000000        2.7977699999999999        1.1273791111418874E-004
   1.0500000000000000        3.4276200000000001        1.9602166252003066E-005
   1.0500000000000000        4.1807499999999997        1.2601616986669635E-006
   1.0500000000000000        5.0670400000000004       -1.0130770901020001E-009
   1.0500000000000000        6.0801100000000003        2.5933327395303288E-008
   1.0500000000000000        7.1812800000000001        6.2782840680336305E-009
   1.0500000000000000        8.2809200000000001        5.2423410367265454E-010
   1.0500000000000000        9.2300000000000004        2.1559444805646788E-011
   1.0500000000000000        9.8451900000000006       -1.4860596863390702E-012
   1.0500000000000000        10.675300000000000       -7.9576234085093701E-013
   1.0500000000000000        13.387900000000000        1.3467652468668782E-015
   1.0500000000000000        17.613800000000001        2.1844286307988762E-016
   1.0500000000000000        22.386199999999999       -1.1569817150590299E-018
   1.0500000000000000        26.612100000000002       -7.3509280525465064E-022
   1.0500000000000000        29.324700000000000       -4.0505567621561639E-024
   1.5000000000000000        3.6990000000000000E-003  -2.8232015592226596E-005
   1.5000000000000000        1.9593099999999999E-002  -7.9021887634959497E-004
   1.5000000000000000        4.8614400000000002E-002  -4.8199589417059849E-003
   1.5000000000000000        9.1521099999999994E-002  -1.6406925549680051E-002
   1.5000000000000000       0.14944800000000000       -3.9836661717514203E-002
   1.5000000000000000       0.22396500000000000       -7.4834893694526339E-002
   1.5000000000000000       0.31716100000000003      -0.11135303729727100     
   1.5000000000000000       0.43174499999999999      -0.13110606728373000     
   1.5000000000000000       0.57118599999999997      -0.12121356879920749     
   1.5000000000000000       0.73989799999999994       -8.6588018560843805E-002
   1.5000000000000000       0.94346200000000002       -4.6484389126784841E-002
   1.5000000000000000        1.1889000000000001       -1.7685067038237100E-002
   1.5000000000000000        1.4850200000000000       -4.0407018791411200E-003
   1.5000000000000000        1.8426800000000001       -8.0098306709074511E-005
   1.5000000000000000        2.2751100000000002        3.1664822576187956E-004
   1.5000000000000000        2.7977699999999999        1.1996056865180966E-004
   1.5000000000000000        3.4276200000000001        2.0832709791461300E-005
   1.5000000000000000        4.1807499999999997        1.3411879654418285E-006
   1.5000000000000000        5.0670400000000004       -9.8701906611808519E-010
   1.5000000000000000        6.0801100000000003        2.7343424641434289E-008
   1.5000000000000000        7.1812800000000001        6.6260276295101049E-009
   1.5000000000000000        8.2809200000000001        5.5281767951043053E-010
   1.5000000000000000        9.2300000000000004        2.2638856443184057E-011
   1.5000000000000000        9.8451900000000006       -1.5928424120291027E-012
   1.5000000000000000        10.675300000000000       -8.3863454875604257E-013
   1.5000000000000000        13.387900000000000        1.3598245978932346E-015
   1.5000000000000000        17.613800000000001        2.3479041686586099E-016
   1.5000000000000000        22.386199999999999       -1.2242627653832622E-018
   1.5000000000000000        26.612100000000002       -7.7769086525440212E-022
   1.5000000000000000        29.324700000000000       -4.2911475416403973E-024
   2.0000000000000000        3.6990000000000000E-003  -2.4375889787911204E-005
   2.0000000000000000        1.9593099999999999E-002  -6.8248619849371511E-004
   2.0000000000000000        4.8614400000000002E-002  -4.1796020690277706E-003
   2.0000000000000000        9.1521099999999994E-002  -1.4292398448790003E-002
   2.0000000000000000       0.14944800000000000       -3.4931407170513698E-002
   2.0000000000000000       0.22396500000000000       -6.6324779746148005E-002
   2.0000000000000000       0.31716100000000003      -0.10020129622402900     
   2.0000000000000000       0.43174499999999999      -0.12035608409039600     
   2.0000000000000000       0.57118599999999997      -0.11374279617168546     
   2.0000000000000000       0.73989799999999994       -8.2981205621641255E-002
   2.0000000000000000       0.94346200000000002       -4.5348971237093368E-002
   2.0000000000000000        1.1889000000000001       -1.7474838545184907E-002
   2.0000000000000000        1.4850200000000000       -4.0050889832603650E-003
   2.0000000000000000        1.8426800000000001       -5.7460749861861503E-005
   2.0000000000000000        2.2751100000000002        3.2931169925450721E-004
   2.0000000000000000        2.7977699999999999        1.2384732060138592E-004
   2.0000000000000000        3.4276200000000001        2.1475777740520681E-005
   2.0000000000000000        4.1807499999999997        1.3847907915601952E-006
   2.0000000000000000        5.0670400000000004       -8.9662354313878502E-010
   2.0000000000000000        6.0801100000000003        2.7937675752188472E-008
   2.0000000000000000        7.1812800000000001        6.7770552835489661E-009
   2.0000000000000000        8.2809200000000001        5.6490774919946295E-010
   2.0000000000000000        9.2300000000000004        2.3026497743047492E-011
   2.0000000000000000        9.8451900000000006       -1.6558524031417829E-012
   2.0000000000000000        10.675300000000000       -8.5610178162596003E-013
   2.0000000000000000        13.387900000000000        1.3221483812818436E-015
   2.0000000000000000        17.613800000000001        2.4507393469206725E-016
   2.0000000000000000        22.386199999999999       -1.2557473050306531E-018
   2.0000000000000000        26.612100000000002       -7.9751984973865526E-022
   2.0000000000000000        29.324700000000000       -4.4075518880628520E-024
   2.7000000000000002        3.6990000000000000E-003  -1.9674592482891499E-005
   2.7000000000000002        1.9593099999999999E-002  -5.5036587015756507E-004
   2.7000000000000002        4.8614400000000002E-002  -3.3732349332959203E-003
   2.7000000000000002        9.1521099999999994E-002  -1.1593605676672249E-002
   2.7000000000000002       0.14944800000000000       -2.8548449254417397E-002
   2.7000000000000002       0.22396500000000000       -5.4919868063907008E-002
   2.7000000000000002       0.31716100000000003       -8.4618082858039498E-002
   2.7000000000000002       0.43174499999999999      -0.10438551771936749     
   2.7000000000000002       0.57118599999999997      -0.10160932341071049     
   2.7000000000000002       0.73989799999999994       -7.6275025992730949E-002
   2.7000000000000002       0.94346200000000002       -4.2663845336666402E-002
   2.7000000000000002        1.1889000000000001       -1.6702197858707128E-002
   2.7000000000000002        1.4850200000000000       -3.8349792506806551E-003
   2.7000000000000002        1.8426800000000001       -2.0960079569659993E-005
   2.7000000000000002        2.2751100000000002        3.3847248929380039E-004
   2.7000000000000002        2.7977699999999999        1.2590825564795172E-004
   2.7000000000000002        3.4276200000000001        2.1783083349230280E-005
   2.7000000000000002        4.1807499999999997        1.4077111279407100E-006
   2.7000000000000002        5.0670400000000004       -7.0692910054882501E-010
   2.7000000000000002        6.0801100000000003        2.7982859108803253E-008
   2.7000000000000002        7.1812800000000001        6.7975643326735837E-009
   2.7000000000000002        8.2809200000000001        5.6591222578995991E-010
   2.7000000000000002        9.2300000000000004        2.2920803058994995E-011
   2.7000000000000002        9.8451900000000006       -1.6963025743997797E-012
   2.7000000000000002        10.675300000000000       -8.5583905052124321E-013
   2.7000000000000002        13.387900000000000        1.2325133567648055E-015
   2.7000000000000002        17.613800000000001        2.5290848960814747E-016
   2.7000000000000002        22.386199999999999       -1.2644591365589608E-018
   2.7000000000000002        26.612100000000002       -8.0288907859606639E-022
   2.7000000000000002        29.324700000000000       -4.4472783613673366E-024
   4.0000000000000000        3.6990000000000000E-003  -1.3410760908691300E-005
   4.0000000000000000        1.9593099999999999E-002  -3.7472150839531099E-004
   4.0000000000000000        4.8614400000000002E-002  -2.2794994236449051E-003
   4.0000000000000000        9.1521099999999994E-002  -7.8443324715563503E-003
   4.0000000000000000       0.14944800000000000       -1.9484300139330953E-002
   4.0000000000000000       0.22396500000000000       -3.8199133301841048E-002
   4.0000000000000000       0.31716100000000003       -6.0827346713094498E-002
   4.0000000000000000       0.43174499999999999       -7.8479731556842000E-002
   4.0000000000000000       0.57118599999999997       -8.0502432513618494E-002
   4.0000000000000000       0.73989799999999994       -6.3660568540068505E-002
   4.0000000000000000       0.94346200000000002       -3.7102211946919351E-002
   4.0000000000000000        1.1889000000000001       -1.4885363283149204E-002
   4.0000000000000000        1.4850200000000000       -3.4018739951330750E-003
   4.0000000000000000        1.8426800000000001        5.1916352990194003E-005
   4.0000000000000000        2.2751100000000002        3.4577106446852197E-004
   4.0000000000000000        2.7977699999999999        1.2583483025153041E-004
   4.0000000000000000        3.4276200000000001        2.1664009299003226E-005
   4.0000000000000000        4.1807499999999997        1.4057374035584880E-006
   4.0000000000000000        5.0670400000000004       -2.4201373742238009E-010
   4.0000000000000000        6.0801100000000003        2.7175102790618286E-008
   4.0000000000000000        7.1812800000000001        6.6175773747232533E-009
   4.0000000000000000        8.2809200000000001        5.4968666748123322E-010
   4.0000000000000000        9.2300000000000004        2.2009837785644168E-011
   4.0000000000000000        9.8451900000000006       -1.7091981933039089E-012
   4.0000000000000000        10.675300000000000       -8.2633576525641689E-013
   4.0000000000000000        13.387900000000000        1.0392988955399050E-015
   4.0000000000000000        17.613800000000001        2.5956699502105297E-016
   4.0000000000000000        22.386199999999999       -1.2396578195111341E-018
   4.0000000000000000        26.612100000000002       -7.8711735514445904E-022
   4.0000000000000000        29.324700000000000       -4.3783505566010679E-024
   5.5000000000000000        3.6990000000000000E-003  -8.6205677662951015E-006
   5.5000000000000000        1.9593099999999999E-002  -2.4093258249899299E-004
   5.5000000000000000        4.8614400000000002E-002  -1.4626167292586850E-003
   5.5000000000000000        9.1521099999999994E-002  -5.0450903631089504E-003
   5.5000000000000000       0.14944800000000000       -1.2688168973310602E-002
   5.5000000000000000       0.22396500000000000       -2.5389499661056299E-002
   5.5000000000000000       0.31716100000000003       -4.1699547494066000E-002
   5.5000000000000000       0.43174499999999999       -5.6214925512745997E-002
   5.5000000000000000       0.57118599999999997       -6.1042038546758499E-002
   5.5000000000000000       0.73989799999999994       -5.1270383149493198E-002
   5.5000000000000000       0.94346200000000002       -3.1389179375758053E-002
   5.5000000000000000        1.1889000000000001       -1.2907396369287807E-002
   5.5000000000000000        1.4850200000000000       -2.8964266686851647E-003
   5.5000000000000000        1.8426800000000001        1.3641953230527159E-004
   5.5000000000000000        2.2751100000000002        3.5067947624837050E-004
   5.5000000000000000        2.7977699999999999        1.2423081783580930E-004
   5.5000000000000000        3.4276200000000001        2.1248329995506077E-005
   5.5000000000000000        4.1807499999999997        1.3850833782480311E-006
   5.5000000000000000        5.0670400000000004        4.0364235326414991E-010
   5.5000000000000000        6.0801100000000003        2.5918825534187736E-008
   5.5000000000000000        7.1812800000000001        6.3278680310435282E-009
   5.5000000000000000        8.2809200000000001        5.2430969118159554E-010
   5.5000000000000000        9.2300000000000004        2.0733865809371331E-011
   5.5000000000000000        9.8451900000000006       -1.6876811581271565E-012
   5.5000000000000000        10.675300000000000       -7.7984227540594761E-013
   5.5000000000000000        13.387900000000000        8.3452876476427150E-016
   5.5000000000000000        17.613800000000001        2.6363836517478079E-016
   5.5000000000000000        22.386199999999999       -1.1946409773300271E-018
   5.5000000000000000        26.612100000000002       -7.6006147962852457E-022
   5.5000000000000000        29.324700000000000       -4.2417305508629359E-024
   7.5000000000000000        3.6990000000000000E-003  -4.9136508131056498E-006
   7.5000000000000000        1.9593099999999999E-002  -1.3747341662993399E-004
   7.5000000000000000        4.8614400000000002E-002  -8.3930990059493510E-004
   7.5000000000000000        9.1521099999999994E-002  -2.9132971450814000E-003
   7.5000000000000000       0.14944800000000000       -7.4377104797918999E-003
   7.5000000000000000       0.22396500000000000       -1.5221266219024249E-002
   7.5000000000000000       0.31716100000000003       -2.5791711393186201E-002
   7.5000000000000000       0.43174499999999999       -3.6432434597274098E-002
   7.5000000000000000       0.57118599999999997       -4.2210279238993252E-002
   7.5000000000000000       0.73989799999999994       -3.8284437786852948E-002
   7.5000000000000000       0.94346200000000002       -2.5173791593069348E-002
   7.5000000000000000        1.1889000000000001       -1.0735252728827549E-002
   7.5000000000000000        1.4850200000000000       -2.3082450420906799E-003
   7.5000000000000000        1.8426800000000001        2.4443454570858403E-004
   7.5000000000000000        2.2751100000000002        3.5810943177497950E-004
   7.5000000000000000        2.7977699999999999        1.2226941652804723E-004
   7.5000000000000000        3.4276200000000001        2.0706121625719531E-005
   7.5000000000000000        4.1807499999999997        1.3576389343897380E-006
   7.5000000000000000        5.0670400000000004        1.3832429088247000E-009
   7.5000000000000000        6.0801100000000003        2.4309358012086457E-008
   7.5000000000000000        7.1812800000000001        5.9533490986008273E-009
   7.5000000000000000        8.2809200000000001        4.9169972825974776E-010
   7.5000000000000000        9.2300000000000004        1.9148646822177950E-011
   7.5000000000000000        9.8451900000000006       -1.6383966547063502E-012
   7.5000000000000000        10.675300000000000       -7.1609543547830751E-013
   7.5000000000000000        13.387900000000000        6.1382802634584198E-016
   7.5000000000000000        17.613800000000001        2.6868250836803533E-016
   7.5000000000000000        22.386199999999999       -1.1350922901876673E-018
   7.5000000000000000        26.612100000000002       -7.2522156275148020E-022
   7.5000000000000000        29.324700000000000       -4.0624892030487188E-024
   11.000000000000000        3.6990000000000000E-003  -2.1239889330814002E-006
   11.000000000000000        1.9593099999999999E-002  -5.9439052231713005E-005
   11.000000000000000        4.8614400000000002E-002  -3.6360469421045004E-004
   11.000000000000000        9.1521099999999994E-002  -1.2717728565850000E-003
   11.000000000000000       0.14944800000000000       -3.2627386900627754E-003
   11.000000000000000       0.22396500000000000       -6.7976900497390500E-003
   11.000000000000000       0.31716100000000003       -1.1937832854278100E-002
   11.000000000000000       0.43174499999999999       -1.7849840159331953E-002
   11.000000000000000       0.57118599999999997       -2.2457101257244500E-002
   11.000000000000000       0.73989799999999994       -2.2828973954975653E-002
   11.000000000000000       0.94346200000000002       -1.7060058362404752E-002
   11.000000000000000        1.1889000000000001       -7.9345671729874542E-003
   11.000000000000000        1.4850200000000000       -1.5346776091084899E-003
   11.000000000000000        1.8426800000000001        4.1520769184047999E-004
   11.000000000000000        2.2751100000000002        3.7759192637177550E-004
   11.000000000000000        2.7977699999999999        1.2112088428241340E-004
   11.000000000000000        3.4276200000000001        2.0107363269084243E-005
   11.000000000000000        4.1807499999999997        1.3303769193919436E-006
   11.000000000000000        5.0670400000000004        3.3093739791335300E-009
   11.000000000000000        6.0801100000000003        2.2022143100669250E-008
   11.000000000000000        7.1812800000000001        5.4182344390425787E-009
   11.000000000000000        8.2809200000000001        4.4516258966515491E-010
   11.000000000000000        9.2300000000000004        1.6943905739197363E-011
   11.000000000000000        9.8451900000000006       -1.5297582456772001E-012
   11.000000000000000        10.675300000000000       -6.1115661270232801E-013
   11.000000000000000        13.387900000000000        3.7102221813272000E-016
   11.000000000000000        17.613800000000001        2.8056976629862951E-016
   11.000000000000000        22.386199999999999       -1.0499784329753181E-018
   11.000000000000000        26.612100000000002       -6.7994665062663870E-022
   11.000000000000000        29.324700000000000       -3.8223081208983709E-024
   16.000000000000000        3.6990000000000000E-003  -8.1572537122037500E-007
   16.000000000000000        1.9593099999999999E-002  -2.2923473880657348E-005
   16.000000000000000        4.8614400000000002E-002  -1.4126110941226901E-004
   16.000000000000000        9.1521099999999994E-002  -4.9629332445923994E-004
   16.000000000000000       0.14944800000000000       -1.2739848928491301E-003
   16.000000000000000       0.22396500000000000       -2.6529201521068402E-003
   16.000000000000000       0.31716100000000003       -4.7091213226711504E-003
   16.000000000000000       0.43174499999999999       -7.2698048903942006E-003
   16.000000000000000       0.57118599999999997       -9.7326438388872002E-003
   16.000000000000000       0.73989799999999994       -1.0937207101220401E-002
   16.000000000000000       0.94346200000000002       -9.4698703088539546E-003
   16.000000000000000        1.1889000000000001       -5.1039688091830899E-003
   16.000000000000000        1.4850200000000000       -8.1205015485824985E-004
   16.000000000000000        1.8426800000000001        6.1924189137194997E-004
   16.000000000000000        2.2751100000000002        4.1755193723012001E-004
   16.000000000000000        2.7977699999999999        1.2401028512137651E-004
   16.000000000000000        3.4276200000000001        1.9933278383021852E-005
   16.000000000000000        4.1807499999999997        1.3311890188785651E-006
   16.000000000000000        5.0670400000000004        6.3343858620003504E-009
   16.000000000000000        6.0801100000000003        1.9650542261671861E-008
   16.000000000000000        7.1812800000000001        4.8608903936462482E-009
   16.000000000000000        8.2809200000000001        3.9666524359147070E-010
   16.000000000000000        9.2300000000000004        1.4753014055431576E-011
   16.000000000000000        9.8451900000000006       -1.3357068217570000E-012
   16.000000000000000        10.675300000000000       -4.6883911291182350E-013
   16.000000000000000        13.387900000000000        2.8870684331966404E-016
   16.000000000000000        17.613800000000001        3.0452941440094253E-016
   16.000000000000000        22.386199999999999       -9.6323543374704811E-019
   16.000000000000000        26.612100000000002       -6.4662404795932828E-022
   16.000000000000000        29.324700000000000       -3.6127147150999056E-024
   22.000000000000000        3.6990000000000000E-003  -3.5751784527008551E-007
   22.000000000000000        1.9593099999999999E-002  -1.0012473332746499E-005
   22.000000000000000        4.8614400000000002E-002  -6.1356577869240496E-005
   22.000000000000000        9.1521099999999994E-002  -2.1379202230231999E-004
   22.000000000000000       0.14944800000000000       -5.4500666472513800E-004
   22.000000000000000       0.22396500000000000       -1.1260872799903651E-003
   22.000000000000000       0.31716100000000003       -1.9823643472375047E-003
   22.000000000000000       0.43174499999999999       -3.0506387472399306E-003
   22.000000000000000       0.57118599999999997       -4.1262172081091503E-003
   22.000000000000000       0.73989799999999994       -4.8279349011882446E-003
   22.000000000000000       0.94346200000000002       -4.5637896521460702E-003
   22.000000000000000        1.1889000000000001       -2.7823232869231803E-003
   22.000000000000000        1.4850200000000000       -2.5756113592825000E-004
   22.000000000000000        1.8426800000000001        8.0655952960852499E-004
   22.000000000000000        2.2751100000000002        4.7955012401219003E-004
   22.000000000000000        2.7977699999999999        1.3301323325097501E-004
   22.000000000000000        3.4276200000000001        2.0502922119622252E-005
   22.000000000000000        4.1807499999999997        1.3748121104852750E-006
   22.000000000000000        5.0670400000000004        1.0182598851490450E-008
   22.000000000000000        6.0801100000000003        1.7624830094066582E-008
   22.000000000000000        7.1812800000000001        4.3830372822898585E-009
   22.000000000000000        8.2809200000000001        3.5513507177334726E-010
   22.000000000000000        9.2300000000000004        1.3066819855312302E-011
   22.000000000000000        9.8451900000000006       -1.0356305856246350E-012
   22.000000000000000        10.675300000000000       -2.9352823386913953E-013
   22.000000000000000        13.387900000000000        5.3501777197522505E-016
   22.000000000000000        17.613800000000001        3.4019430596016247E-016
   22.000000000000000        22.386199999999999       -8.8978764070523257E-019
   22.000000000000000        26.612100000000002       -6.4257837472107741E-022
   22.000000000000000        29.324700000000000       -3.4997512719903966E-024
   32.000000000000000        3.6990000000000000E-003  -1.4808606019438001E-007
   32.000000000000000        1.9593099999999999E-002  -4.1328473970899502E-006
   32.000000000000000        4.8614400000000002E-002  -2.5154867928686651E-005
   32.000000000000000        9.1521099999999994E-002  -8.6871459139772997E-005
   32.000000000000000       0.14944800000000000       -2.1852274107094199E-004
   32.000000000000000       0.22396500000000000       -4.4271922689679302E-004
   32.000000000000000       0.31716100000000003       -7.5487700917613613E-004
   32.000000000000000       0.43174499999999999       -1.1110756244333902E-003
   32.000000000000000       0.57118599999999997       -1.4294668696534767E-003
   32.000000000000000       0.73989799999999994       -1.6060602758771339E-003
   32.000000000000000       0.94346200000000002       -1.5018779063588302E-003
   32.000000000000000        1.1889000000000001       -9.1338943619693005E-004
   32.000000000000000        1.4850200000000000        1.9407707643708999E-004
   32.000000000000000        1.8426800000000001        9.4569384804356002E-004
   32.000000000000000        2.2751100000000002        5.9771745643071006E-004
   32.000000000000000        2.7977699999999999        1.5925368609538850E-004
   32.000000000000000        3.4276200000000001        2.2961538269181051E-005
   32.000000000000000        4.1807499999999997        1.5249582651129751E-006
   32.000000000000000        5.0670400000000004        1.7057187253783603E-008
   32.000000000000000        6.0801100000000003        1.5253085206320502E-008
   32.000000000000000        7.1812800000000001        3.8237276621185947E-009
   32.000000000000000        8.2809200000000001        3.0704237442089751E-010
   32.000000000000000        9.2300000000000004        1.1624220968945200E-011
   32.000000000000000        9.8451900000000006       -3.5089880526777999E-013
   32.000000000000000        10.675300000000000        3.8731255299313490E-014
   32.000000000000000        13.387900000000000        1.6719590265158548E-015
   32.000000000000000        17.613800000000001        4.1512126259126598E-016
   32.000000000000000        22.386199999999999       -8.1287892848085004E-019
   32.000000000000000        26.612100000000002       -7.0283682458046717E-022
   32.000000000000000        29.324700000000000       -3.5255722075201326E-024
   40.000000000000000        3.6990000000000000E-003  -9.5557075769089552E-008
   40.000000000000000        1.9593099999999999E-002  -2.6784256603423550E-006
   40.000000000000000        4.8614400000000002E-002  -1.6380463991872751E-005
   40.000000000000000        9.1521099999999994E-002  -5.6516046595624005E-005
   40.000000000000000       0.14944800000000000       -1.4116609643624953E-004
   40.000000000000000       0.22396500000000000       -2.8071381504731955E-004
   40.000000000000000       0.31716100000000003       -4.6495867641457850E-004
   40.000000000000000       0.43174499999999999       -6.5840657554317795E-004
   40.000000000000000       0.57118599999999997       -8.0800445695411753E-004
   40.000000000000000       0.73989799999999994       -8.5397280031843787E-004
   40.000000000000000       0.94346200000000002       -7.4197537179689001E-004
   40.000000000000000        1.1889000000000001       -3.9234636611516511E-004
   40.000000000000000        1.4850200000000000        2.6321948917302503E-004
   40.000000000000000        1.8426800000000001        8.7612816877894004E-004
   40.000000000000000        2.2751100000000002        6.6916662241621504E-004
   40.000000000000000        2.7977699999999999        1.8893049090427049E-004
   40.000000000000000        3.4276200000000001        2.6239022223279248E-005
   40.000000000000000        4.1807499999999997        1.7141791227757351E-006
   40.000000000000000        5.0670400000000004        2.3387743984320486E-008
   40.000000000000000        6.0801100000000003        1.3843074882756349E-008
   40.000000000000000        7.1812800000000001        3.4912966957410852E-009
   40.000000000000000        8.2809200000000001        2.7917387472570755E-010
   40.000000000000000        9.2300000000000004        1.1305320718591898E-011
   40.000000000000000        9.8451900000000006        3.7479412475081499E-013
   40.000000000000000        10.675300000000000        3.5368900979720004E-013
   40.000000000000000        13.387900000000000        3.1750534541564300E-015
   40.000000000000000        17.613800000000001        4.9081148026337355E-016
   40.000000000000000        22.386199999999999       -7.7771801021499211E-019
   40.000000000000000        26.612100000000002       -7.9916705734226860E-022
   40.000000000000000        29.324700000000000       -3.6797019020302693E-024
   50.000000000000000        3.6990000000000000E-003  -6.7114285285200999E-008
   50.000000000000000        1.9593099999999999E-002  -1.8787804706709500E-006
   50.000000000000000        4.8614400000000002E-002  -1.1443006656457915E-005
   50.000000000000000        9.1521099999999994E-002  -3.9257368688022095E-005
   50.000000000000000       0.14944800000000000       -9.7074392544075098E-005
   50.000000000000000       0.22396500000000000       -1.8998184944265452E-004
   50.000000000000000       0.31716100000000003       -3.0730580603665253E-004
   50.000000000000000       0.43174499999999999       -4.2134002466656109E-004
   50.000000000000000       0.57118599999999997       -4.9601213340871506E-004
   50.000000000000000       0.73989799999999994       -4.9762882408759131E-004
   50.000000000000000       0.94346200000000002       -4.0180198250434548E-004
   50.000000000000000        1.1889000000000001       -1.8064798384517501E-004
   50.000000000000000        1.4850200000000000        2.0421870032602502E-004
   50.000000000000000        1.8426800000000001        6.6798364673348006E-004
   50.000000000000000        2.2751100000000002        6.8175608839761502E-004
   50.000000000000000        2.7977699999999999        2.3045264137768951E-004
   50.000000000000000        3.4276200000000001        3.2064491749239951E-005
   50.000000000000000        4.1807499999999997        2.0521954313884104E-006
   50.000000000000000        5.0670400000000004        3.3332929778629252E-008
   50.000000000000000        6.0801100000000003        1.2445131108483149E-008
   50.000000000000000        7.1812800000000001        3.1580655681636606E-009
   50.000000000000000        8.2809200000000001        2.5232101737230854E-010
   50.000000000000000        9.2300000000000004        1.1698899392153052E-011
   50.000000000000000        9.8451900000000006        1.5091444750855552E-012
   50.000000000000000        10.675300000000000        8.1657585081880507E-013
   50.000000000000000        13.387900000000000        5.7234317068544003E-015
   50.000000000000000        17.613800000000001        5.9561690995152506E-016
   50.000000000000000        22.386199999999999       -6.9915707857584055E-019
   50.000000000000000        26.612100000000002       -9.6863613705872097E-022
   50.000000000000000        29.324700000000000       -3.9964743747710704E-024
   60.000000000000000        3.6990000000000000E-003  -5.2523035014642501E-008
   60.000000000000000        1.9593099999999999E-002  -1.4674965286158487E-006
   60.000000000000000        4.8614400000000002E-002  -8.9102616395338700E-006
   60.000000000000000        9.1521099999999994E-002  -3.0416800990337302E-005
   60.000000000000000       0.14944800000000000       -7.4522959089143949E-005
   60.000000000000000       0.22396500000000000       -1.4386019282450587E-004
   60.000000000000000       0.31716100000000003       -2.2818584685635202E-004
   60.000000000000000       0.43174499999999999       -3.0535335351074402E-004
   60.000000000000000       0.57118599999999997       -3.4973418100097401E-004
   60.000000000000000       0.73989799999999994       -3.4123629146352906E-004
   60.000000000000000       0.94346200000000002       -2.6732300390368649E-004
   60.000000000000000        1.1889000000000001       -1.1835637173529399E-004
   60.000000000000000        1.4850200000000000        1.2453418844709149E-004
   60.000000000000000        1.8426800000000001        4.5564296490597503E-004
   60.000000000000000        2.2751100000000002        5.9386661899141506E-004
   60.000000000000000        2.7977699999999999        2.6571991892511448E-004
   60.000000000000000        3.4276200000000001        3.9792480190347501E-005
   60.000000000000000        4.1807499999999997        2.5244543207922503E-006
   60.000000000000000        5.0670400000000004        4.6764992142691898E-008
   60.000000000000000        6.0801100000000003        1.1335462425937651E-008
   60.000000000000000        7.1812800000000001        2.8825654298471801E-009
   60.000000000000000        8.2809200000000001        2.3139477939223800E-010
   60.000000000000000        9.2300000000000004        1.2835572281901599E-011
   60.000000000000000        9.8451900000000006        2.8949733549398201E-012
   60.000000000000000        10.675300000000000        1.3589016302018849E-012
   60.000000000000000        13.387900000000000        8.9306445374735060E-015
   60.000000000000000        17.613800000000001        7.0697744567680999E-016
   60.000000000000000        22.386199999999999       -5.9655056290279451E-019
   60.000000000000000        26.612100000000002       -1.1809344429015942E-021
   60.000000000000000        29.324700000000000       -4.4186903342258988E-024
   82.000000000000000        3.6990000000000000E-003  -3.4617680835490062E-008
   82.000000000000000        1.9593099999999999E-002  -9.6742034588707203E-007
   82.000000000000000        4.8614400000000002E-002  -5.8761243671010658E-006
   82.000000000000000        9.1521099999999994E-002  -1.9962594276650794E-005
   82.000000000000000       0.14944800000000000       -4.8327546144577709E-005
   82.000000000000000       0.22396500000000000       -9.1233166452932342E-005
   82.000000000000000       0.31716100000000003       -1.4028320586936425E-004
   82.000000000000000       0.43174499999999999       -1.8119732262802170E-004
   82.000000000000000       0.57118599999999997       -2.0093034365130654E-004
   82.000000000000000       0.73989799999999994       -1.9176164079718803E-004
   82.000000000000000       0.94346200000000002       -1.5171536841762455E-004
   82.000000000000000        1.1889000000000001       -8.1892404274950493E-005
   82.000000000000000        1.4850200000000000        2.0333960830491000E-005
   82.000000000000000        1.8426800000000001        1.6211739495205102E-004
   82.000000000000000        2.2751100000000002        3.1537796245725001E-004
   82.000000000000000        2.7977699999999999        2.6463343617129652E-004
   82.000000000000000        3.4276200000000001        6.0230925695402010E-005
   82.000000000000000        4.1807499999999997        4.1341102902291502E-006
   82.000000000000000        5.0670400000000004        9.3825363151019491E-008
   82.000000000000000        6.0801100000000003        9.7416320861513495E-009
   82.000000000000000        7.1812800000000001        2.4132013283108503E-009
   82.000000000000000        8.2809200000000001        2.0007029369080598E-010
   82.000000000000000        9.2300000000000004        1.7532725718808300E-011
   82.000000000000000        9.8451900000000006        6.7556909597785302E-012
   82.000000000000000        10.675300000000000        2.8141639801952602E-012
   82.000000000000000        13.387900000000000        1.7689847384759552E-014
   82.000000000000000        17.613800000000001        9.7147068097695006E-016
   82.000000000000000        22.386199999999999       -9.8274101560904493E-019
   82.000000000000000        26.612100000000002       -1.7553195440651254E-021
   82.000000000000000        29.324700000000000       -5.6127261982815488E-024
   103.00000000000000        3.6990000000000000E-003  -2.5809246861751043E-008
   103.00000000000000        1.9593099999999999E-002  -7.2107981817356110E-007
   103.00000000000000        4.8614400000000002E-002  -4.3718788320968149E-006
   103.00000000000000        9.1521099999999994E-002  -1.4776921214537791E-005
   103.00000000000000       0.14944800000000000       -3.5384492776812796E-005
   103.00000000000000       0.22396500000000000       -6.5553102706333551E-005
   103.00000000000000       0.31716100000000003       -9.8186340354082752E-005
   103.00000000000000       0.43174499999999999       -1.2307729321573454E-004
   103.00000000000000       0.57118599999999997       -1.3280319833576179E-004
   103.00000000000000       0.73989799999999994       -1.2470004183513802E-004
   103.00000000000000       0.94346200000000002       -9.9887378481763956E-005
   103.00000000000000        1.1889000000000001       -6.1206987190267002E-005
   103.00000000000000        1.4850200000000000       -9.9058180605999983E-006
   103.00000000000000        1.8426800000000001        5.8010305704466504E-005
   103.00000000000000        2.2751100000000002        1.4309388308053299E-004
   103.00000000000000        2.7977699999999999        1.8058395121647649E-004
   103.00000000000000        3.4276200000000001        7.3537971505036504E-005
   103.00000000000000        4.1807499999999997        6.3906734038685999E-006
   103.00000000000000        5.0670400000000004        1.6707908503620949E-007
   103.00000000000000        6.0801100000000003        9.1752837113360509E-009
   103.00000000000000        7.1812800000000001        2.0845235224814001E-009
   103.00000000000000        8.2809200000000001        1.8342190889272252E-010
   103.00000000000000        9.2300000000000004        2.4242812423368001E-011
   103.00000000000000        9.8451900000000006        1.1302713041586507E-011
   103.00000000000000        10.675300000000000        4.4793763947690453E-012
   103.00000000000000        13.387900000000000        2.7075748126115151E-014
   103.00000000000000        17.613800000000001        1.1980179239851901E-015
   103.00000000000000        22.386199999999999        1.8395419861818999E-019
   103.00000000000000        26.612100000000002       -2.3951967146774975E-021
   103.00000000000000        29.324700000000000       -6.9863564183828796E-024
   125.00000000000000        3.6990000000000000E-003  -2.0327435224848291E-008
   125.00000000000000        1.9593099999999999E-002  -5.6766335243013945E-007
   125.00000000000000        4.8614400000000002E-002  -3.4336434533390224E-006
   125.00000000000000        9.1521099999999994E-002  -1.1546087349039320E-005
   125.00000000000000       0.14944800000000000       -2.7360000705867445E-005
   125.00000000000000       0.22396500000000000       -4.9790792347135463E-005
   125.00000000000000       0.31716100000000003       -7.2675080034972808E-005
   125.00000000000000       0.43174499999999999       -8.8288948158645841E-005
   125.00000000000000       0.57118599999999997       -9.2335247910289996E-005
   125.00000000000000       0.73989799999999994       -8.4673916547685845E-005
   125.00000000000000       0.94346200000000002       -6.7559139393484204E-005
   125.00000000000000        1.1889000000000001       -4.3980283171697946E-005
   125.00000000000000        1.4850200000000000       -1.5954434884445753E-005
   125.00000000000000        1.8426800000000001        1.8227997723701149E-005
   125.00000000000000        2.2751100000000002        6.0422332936811995E-005
   125.00000000000000        2.7977699999999999        1.0161978174451949E-004
   125.00000000000000        3.4276200000000001        6.7562020368458007E-005
   125.00000000000000        4.1807499999999997        9.1304016731312006E-006
   125.00000000000000        5.0670400000000004        2.7697190214128053E-007
   125.00000000000000        6.0801100000000003        9.4222878499287995E-009
   125.00000000000000        7.1812800000000001        1.8270038252342801E-009
   125.00000000000000        8.2809200000000001        1.7543351780612351E-010
   125.00000000000000        9.2300000000000004        3.2802909314271252E-011
   125.00000000000000        9.8451900000000006        1.6668165848511487E-011
   125.00000000000000        10.675300000000000        6.4062286954565896E-012
   125.00000000000000        13.387900000000000        3.6437969621110751E-014
   125.00000000000000        17.613800000000001        1.3491132217378201E-015
   125.00000000000000        22.386199999999999        2.7342060716843950E-018
   125.00000000000000        26.612100000000002       -3.1304944403373409E-021
   125.00000000000000        29.324700000000000       -8.5986624901415696E-024
   150.00000000000000        3.6990000000000000E-003  -1.5837787956970595E-008
   150.00000000000000        1.9593099999999999E-002  -4.4225072314120771E-007
   150.00000000000000        4.8614400000000002E-002  -2.6713977586862336E-006
   150.00000000000000        9.1521099999999994E-002  -8.9459575114404107E-006
   150.00000000000000       0.14944800000000000       -2.1006888506537396E-005
   150.00000000000000       0.22396500000000000       -3.7610549128058448E-005
   150.00000000000000       0.31716100000000003       -5.3547712962190372E-005
   150.00000000000000       0.43174499999999999       -6.2986776571529978E-005
   150.00000000000000       0.57118599999999997       -6.3606737720010108E-005
   150.00000000000000       0.73989799999999994       -5.6497191995709842E-005
   150.00000000000000       0.94346200000000002       -4.4210810501365206E-005
   150.00000000000000        1.1889000000000001       -2.9333426137604050E-005
   150.00000000000000        1.4850200000000000       -1.3616691421202100E-005
   150.00000000000000        1.8426800000000001        3.4625352911310700E-006
   150.00000000000000        2.2751100000000002        2.4227855032750603E-005
   150.00000000000000        2.7977699999999999        4.7433151410502549E-005
   150.00000000000000        3.4276200000000001        4.6910866166622154E-005
   150.00000000000000        4.1807499999999997        1.1367330744997150E-005
   150.00000000000000        5.0670400000000004        4.3587967391276004E-007
   150.00000000000000        6.0801100000000003        1.0488317654703351E-008
   150.00000000000000        7.1812800000000001        1.6070847979363100E-009
   150.00000000000000        8.2809200000000001        1.7343558139449851E-010
   150.00000000000000        9.2300000000000004        4.3392258420110599E-011
   150.00000000000000        9.8451900000000006        2.3086693939181570E-011
   150.00000000000000        10.675300000000000        8.6756052412825961E-012
   150.00000000000000        13.387900000000000        4.4875546144806300E-014
   150.00000000000000        17.613800000000001        1.4480293268656599E-015
   150.00000000000000        22.386199999999999        4.7762460662901596E-018
   150.00000000000000        26.612100000000002       -4.0254463273466372E-021
   150.00000000000000        29.324700000000000       -1.0650611262713731E-023
   175.00000000000000        3.6990000000000000E-003  -1.2866374936211374E-008
   175.00000000000000        1.9593099999999999E-002  -3.5927226036560320E-007
   175.00000000000000        4.8614400000000002E-002  -2.1679345162908282E-006
   175.00000000000000        9.1521099999999994E-002  -7.2356285354592855E-006
   175.00000000000000       0.14944800000000000       -1.6861243463425130E-005
   175.00000000000000       0.22396500000000000       -2.9757001483126996E-005
   175.00000000000000       0.31716100000000003       -4.1418096958466310E-005
   175.00000000000000       0.43174499999999999       -4.7234551598010705E-005
   175.00000000000000       0.57118599999999997       -4.5972142896725817E-005
   175.00000000000000       0.73989799999999994       -3.9310304629895150E-005
   175.00000000000000       0.94346200000000002       -2.9762884789212190E-005
   175.00000000000000        1.1889000000000001       -1.9489041908414540E-005
   175.00000000000000        1.4850200000000000       -9.8481472560902201E-006
   175.00000000000000        1.8426800000000001       -6.7566460227150494E-007
   175.00000000000000        2.2751100000000002        9.9987591025630007E-006
   175.00000000000000        2.7977699999999999        2.1584817019458000E-005
   175.00000000000000        3.4276200000000001        2.8440679084421452E-005
   175.00000000000000        4.1807499999999997        1.1099479003254951E-005
   175.00000000000000        5.0670400000000004        6.1061376597952509E-007
   175.00000000000000        6.0801100000000003        1.2056229086078099E-008
   175.00000000000000        7.1812800000000001        1.4334399512021049E-009
   175.00000000000000        8.2809200000000001        1.7437919936194449E-010
   175.00000000000000        9.2300000000000004        5.3790555473235353E-011
   175.00000000000000        9.8451900000000006        2.9365106995963201E-011
   175.00000000000000        10.675300000000000        1.0867818029668217E-011
   175.00000000000000        13.387900000000000        4.9687573525616951E-014
   175.00000000000000        17.613800000000001        1.5254140906054049E-015
   175.00000000000000        22.386199999999999        7.4237791898501004E-018
   175.00000000000000        26.612100000000002       -4.9711114643039847E-021
   175.00000000000000        29.324700000000000       -1.2964584709153000E-023
   190.00000000000000        3.6990000000000000E-003  -1.1416353494082153E-008
   190.00000000000000        1.9593099999999999E-002  -3.1874740081804617E-007
   190.00000000000000        4.8614400000000002E-002  -1.9223668397130968E-006
   190.00000000000000        9.1521099999999994E-002  -6.4050707803095873E-006
   190.00000000000000       0.14944800000000000       -1.4867843304758021E-005
   190.00000000000000       0.22396500000000000       -2.6049292261819754E-005
   190.00000000000000       0.31716100000000003       -3.5829982278206655E-005
   190.00000000000000       0.43174499999999999       -4.0183905039125157E-005
   190.00000000000000       0.57118599999999997       -3.8285661214581552E-005
   190.00000000000000       0.73989799999999994       -3.1960884193427031E-005
   190.00000000000000       0.94346200000000002       -2.3619508554610047E-005
   190.00000000000000        1.1889000000000001       -1.5177772376637255E-005
   190.00000000000000        1.4850200000000000       -7.7780217020309659E-006
   190.00000000000000        1.8426800000000001       -1.3053332551239752E-006
   190.00000000000000        2.2751100000000002        5.8832370207264501E-006
   190.00000000000000        2.7977699999999999        1.3808661044713150E-005
   190.00000000000000        3.4276200000000001        2.0313646010384648E-005
   190.00000000000000        4.1807499999999997        9.9106131079879003E-006
   190.00000000000000        5.0670400000000004        7.0632034659031994E-007
   190.00000000000000        6.0801100000000003        1.3018987777665099E-008
   190.00000000000000        7.1812800000000001        1.3393267865442852E-009
   190.00000000000000        8.2809200000000001        1.7464968541984424E-010
   190.00000000000000        9.2300000000000004        5.9523350348754597E-011
   190.00000000000000        9.8451900000000006        3.2886353005173359E-011
   190.00000000000000        10.675300000000000        1.2091304956384115E-011
   190.00000000000000        13.387900000000000        5.0622084849567002E-014
   190.00000000000000        17.613800000000001        1.5637596701796302E-015
   190.00000000000000        22.386199999999999        9.8735156220238999E-018
   190.00000000000000        26.612100000000002       -5.5649208584500308E-021
   190.00000000000000        29.324700000000000       -1.4456094065511946E-023
