 30 30
-0.222450E+01  0.100000E-01  0.300000E-01  0.600000E-01  0.900000E-01  0.140000E+00
 0.220000E+00  0.350000E+00  0.500000E+00  0.700000E+00  0.105000E+01  0.150000E+01
 0.200000E+01  0.270000E+01  0.400000E+01  0.550000E+01  0.750000E+01  0.110000E+02
 0.160000E+02  0.220000E+02  0.320000E+02  0.400000E+02  0.500000E+02  0.600000E+02
 0.820000E+02  0.103000E+03  0.125000E+03  0.150000E+03  0.175000E+03  0.190000E+03
 0.369900E-02  0.195931E-01  0.486144E-01  0.915211E-01  0.149448E+00  0.223965E+00
 0.317161E+00  0.431745E+00  0.571186E+00  0.739898E+00  0.943462E+00  0.118890E+01
 0.148502E+01  0.184268E+01  0.227511E+01  0.279777E+01  0.342762E+01  0.418075E+01
 0.506704E+01  0.608011E+01  0.718128E+01  0.828092E+01  0.923000E+01  0.984519E+01
 0.106753E+02  0.133879E+02  0.176138E+02  0.223862E+02  0.266121E+02  0.293247E+02
 0.950457E-02  0.223598E-01  0.358081E-01  0.501933E-01  0.659203E-01  0.834613E-01
 0.103380E+00  0.126362E+00  0.153252E+00  0.185097E+00  0.223196E+00  0.269149E+00
 0.324886E+00  0.392643E+00  0.474795E+00  0.573391E+00  0.689085E+00  0.818983E+00
 0.952804E+00  0.106722E+01  0.112040E+01  0.105368E+01  0.812660E+00  0.391775E+00
 0.171324E+01  0.360762E+01  0.467914E+01  0.467914E+01  0.360762E+01  0.171324E+01
 0.559403E+01 -0.186468E+01 -0.473775E-04  0.556593E+01 -0.185531E+01 -0.132075E-02
 0.541905E+01 -0.180635E+01 -0.791824E-02  0.500451E+01 -0.166817E+01 -0.259307E-01
 0.419784E+01 -0.139928E+01 -0.578708E-01  0.305206E+01 -0.101735E+01 -0.940391E-01
 0.185693E+01 -0.618975E+00 -0.113777E+00  0.933120E+00 -0.311040E+00 -0.104528E+00
 0.388608E+00 -0.129536E+00 -0.746891E-01  0.134433E+00 -0.448112E-01 -0.421908E-01
 0.380254E-01 -0.126751E-01 -0.187295E-01  0.840765E-02 -0.280255E-02 -0.624025E-02
 0.135497E-02 -0.451656E-03 -0.134316E-02  0.173774E-03 -0.579246E-04 -0.574794E-04
 0.437272E-04 -0.145757E-04  0.795891E-04  0.168803E-04 -0.562676E-05  0.312730E-04
 0.359554E-05 -0.119851E-05  0.545849E-05  0.265806E-06 -0.886019E-07  0.346393E-06
 0.353192E-09 -0.117731E-09 -0.317578E-09  0.421312E-08 -0.140437E-08  0.767130E-08
 0.101570E-08 -0.338568E-09  0.183996E-08  0.938323E-10 -0.312774E-10  0.154614E-09
 0.771197E-11 -0.257066E-11  0.657953E-11  0.158852E-11 -0.529506E-12 -0.375139E-12
 0.235557E-12 -0.785190E-13 -0.233628E-12  0.611484E-15 -0.203828E-15  0.541841E-15
 0.140775E-15 -0.469248E-16  0.561665E-16  0.404837E-18 -0.134946E-18 -0.329430E-18
 0.507277E-21 -0.169092E-21 -0.204546E-21  0.121918E-23 -0.406393E-24 -0.114578E-23
 0.681311E-02 -0.227104E-02 -0.663736E-07  0.679171E-02 -0.226389E-02 -0.185506E-05
 0.667923E-02 -0.222634E-02 -0.112407E-04  0.635324E-02 -0.211752E-02 -0.379560E-04
 0.567793E-02 -0.189216E-02 -0.903847E-04  0.460313E-02 -0.153364E-02 -0.163965E-03
 0.326629E-02 -0.108801E-02 -0.231156E-03  0.197377E-02 -0.657420E-03 -0.254524E-03
 0.995679E-03 -0.331669E-03 -0.218470E-03  0.410959E-03 -0.136923E-03 -0.145076E-03
 0.134916E-03 -0.449602E-04 -0.731330E-04  0.335910E-04 -0.111956E-04 -0.265864E-04
 0.597407E-05 -0.199125E-05 -0.597082E-05  0.851777E-06 -0.283922E-06 -0.193191E-06
 0.225045E-06 -0.750150E-07  0.411241E-06  0.853610E-07 -0.284536E-07  0.158769E-06
 0.180942E-07 -0.603138E-08  0.276706E-07  0.134429E-08 -0.448097E-09  0.177298E-08
 0.165785E-11 -0.552485E-12 -0.162535E-11  0.205312E-10 -0.684373E-11  0.372740E-10
 0.497370E-11 -0.165790E-11  0.900277E-11  0.457140E-12 -0.152380E-12  0.753178E-12
 0.372024E-13 -0.124008E-13  0.312854E-13  0.764612E-14 -0.254869E-14 -0.204975E-14
 0.114661E-14 -0.382202E-15 -0.114372E-14  0.295683E-17 -0.985611E-18  0.212927E-17
 0.706577E-18 -0.235524E-18  0.300289E-18  0.204569E-20 -0.681897E-21 -0.164888E-20
 0.257379E-23 -0.857930E-24 -0.104855E-23  0.612769E-26 -0.204256E-26 -0.575816E-26
 0.115781E-01 -0.385938E-02 -0.112891E-06  0.115420E-01 -0.384728E-02 -0.315330E-05
 0.113512E-01 -0.378339E-02 -0.191132E-04  0.107999E-01 -0.359881E-02 -0.645723E-04
 0.965599E-02 -0.321617E-02 -0.153744E-03  0.783332E-02 -0.260736E-02 -0.279048E-03
 0.556506E-02 -0.185116E-02 -0.393955E-03  0.336704E-02 -0.111975E-02 -0.434334E-03
 0.170075E-02 -0.565762E-03 -0.373355E-03  0.702915E-03 -0.233976E-03 -0.248292E-03
 0.231030E-03 -0.769495E-04 -0.125308E-03  0.575765E-04 -0.191848E-04 -0.455906E-04
 0.102485E-04 -0.341561E-05 -0.102429E-04  0.146257E-05 -0.487504E-06 -0.330398E-06
 0.386578E-06 -0.128859E-06  0.706445E-06  0.146609E-06 -0.488697E-07  0.272698E-06
 0.310757E-07 -0.103585E-07  0.475255E-07  0.230883E-08 -0.769604E-09  0.304537E-08
 0.284635E-11 -0.948102E-12 -0.279130E-11  0.352524E-10 -0.117507E-10  0.639984E-10
 0.854016E-11 -0.284671E-11  0.154582E-10  0.784908E-12 -0.261635E-12  0.129320E-11
 0.638710E-13 -0.212902E-13  0.537060E-13  0.131271E-13 -0.437564E-14 -0.352243E-14
 0.196871E-14 -0.656224E-15 -0.196380E-14  0.507689E-17 -0.169230E-17  0.364924E-17
 0.121351E-17 -0.404494E-18  0.516013E-18  0.351333E-20 -0.117111E-20 -0.283156E-20
 0.442015E-23 -0.147338E-23 -0.180062E-23  0.105233E-25 -0.350776E-26 -0.988866E-26
 0.159162E-01 -0.530538E-02 -0.155480E-06  0.158672E-01 -0.528891E-02 -0.434292E-05
 0.156067E-01 -0.520124E-02 -0.263079E-04  0.148527E-01 -0.494770E-02 -0.888530E-04
 0.132887E-01 -0.442269E-02 -0.211688E-03  0.107911E-01 -0.358671E-02 -0.384502E-03
 0.767939E-02 -0.254914E-02 -0.543850E-03  0.465487E-02 -0.154440E-02 -0.600758E-03
 0.235597E-02 -0.782100E-03 -0.517555E-03  0.975668E-03 -0.324301E-03 -0.344946E-03
 0.321233E-03 -0.106907E-03 -0.174389E-03  0.801713E-04 -0.267031E-04 -0.635236E-04
 0.142884E-04 -0.476123E-05 -0.142806E-04  0.204195E-05 -0.680591E-06 -0.458506E-06
 0.540041E-06 -0.180013E-06  0.986934E-06  0.204764E-06 -0.682545E-07  0.380886E-06
 0.433994E-07 -0.144664E-07  0.663782E-07  0.322461E-08 -0.107485E-08  0.425382E-08
 0.397325E-11 -0.132250E-11 -0.389791E-11  0.492140E-10 -0.164045E-10  0.893416E-10
 0.119230E-10 -0.397433E-11  0.215812E-10  0.109575E-11 -0.365248E-12  0.180533E-11
 0.891551E-13 -0.297179E-13  0.749521E-13  0.183231E-13 -0.610753E-14 -0.492377E-14
 0.274832E-14 -0.916073E-15 -0.274158E-14  0.708763E-17 -0.236254E-17  0.508065E-17
 0.169474E-17 -0.564892E-18  0.721255E-18  0.490654E-20 -0.163550E-20 -0.395389E-20
 0.617258E-23 -0.205752E-23 -0.251417E-23  0.146953E-25 -0.489843E-26 -0.138090E-25
 0.189521E-01 -0.631734E-02 -0.185412E-06  0.188944E-01 -0.629782E-02 -0.518099E-05
 0.185867E-01 -0.619379E-02 -0.313660E-04  0.176927E-01 -0.589188E-02 -0.105887E-03
 0.158411E-01 -0.526805E-02 -0.252469E-03  0.128772E-01 -0.427392E-02 -0.458959E-03
 0.917894E-02 -0.304051E-02 -0.650291E-03  0.557408E-02 -0.184497E-02 -0.719747E-03
 0.282689E-02 -0.936453E-03 -0.621435E-03  0.117302E-02 -0.389326E-03 -0.415086E-03
 0.386883E-03 -0.128649E-03 -0.210214E-03  0.966934E-04 -0.321932E-04 -0.766650E-04
 0.172550E-04 -0.574880E-05 -0.172455E-04  0.246932E-05 -0.822998E-06 -0.551110E-06
 0.653462E-06 -0.217820E-06  0.119427E-05  0.247714E-06 -0.825707E-07  0.460800E-06
 0.524989E-07 -0.174994E-07  0.803023E-07  0.390090E-08 -0.130027E-08  0.514662E-08
 0.480416E-11 -0.159787E-11 -0.471477E-11  0.595102E-10 -0.198365E-10  0.108029E-09
 0.144183E-10 -0.480607E-11  0.260974E-10  0.132498E-11 -0.441657E-12  0.218299E-11
 0.107793E-12 -0.359303E-13  0.906045E-13  0.221530E-13 -0.738404E-14 -0.596147E-14
 0.332321E-14 -0.110768E-14 -0.331521E-14  0.857060E-17 -0.285686E-17  0.612673E-17
 0.205008E-17 -0.683318E-18  0.873227E-18  0.593520E-20 -0.197838E-20 -0.478219E-20
 0.746644E-23 -0.248880E-23 -0.304084E-23  0.177749E-25 -0.592497E-26 -0.167029E-25
 0.225653E-01 -0.752175E-02 -0.221104E-06  0.224972E-01 -0.749852E-02 -0.617920E-05
 0.221357E-01 -0.737531E-02 -0.374101E-04  0.210815E-01 -0.701664E-02 -0.126272E-03
 0.188950E-01 -0.627549E-02 -0.301364E-03  0.153873E-01 -0.509467E-02 -0.548706E-03
 0.109965E-01 -0.362969E-02 -0.779541E-03  0.669917E-02 -0.220841E-02 -0.865692E-03
 0.340867E-02 -0.112514E-02 -0.750176E-03  0.141911E-02 -0.469827E-03 -0.502895E-03
 0.469390E-03 -0.155863E-03 -0.255418E-03  0.117596E-03 -0.391254E-04 -0.933386E-04
 0.210294E-04 -0.700426E-05 -0.210176E-04  0.301642E-05 -0.100526E-05 -0.666389E-06
 0.799040E-06 -0.266346E-06  0.146044E-05  0.302787E-06 -0.100928E-06  0.563293E-06
 0.641635E-07 -0.213874E-07  0.981583E-07  0.476804E-08 -0.158928E-08  0.629200E-08
 0.586724E-11 -0.194895E-11 -0.576142E-11  0.726873E-10 -0.242286E-10  0.131941E-09
 0.176123E-10 -0.587070E-11  0.318779E-10  0.161833E-11 -0.539436E-12  0.266628E-11
 0.131632E-12 -0.438757E-13  0.110608E-12  0.270510E-13 -0.901642E-14 -0.729700E-14
 0.405883E-14 -0.135283E-14 -0.404935E-14  0.104686E-16 -0.348952E-17  0.744910E-17
 0.250558E-17 -0.835113E-18  0.106875E-17  0.725374E-20 -0.241787E-20 -0.584328E-20
 0.912440E-23 -0.304144E-23 -0.371532E-23  0.217214E-25 -0.724048E-26 -0.204113E-25
 0.262965E-01 -0.876548E-02 -0.258030E-06  0.262182E-01 -0.873841E-02 -0.720559E-05
 0.258046E-01 -0.859558E-02 -0.436775E-04  0.245962E-01 -0.817941E-02 -0.147551E-03
 0.220798E-01 -0.731811E-02 -0.352518E-03  0.180336E-01 -0.594759E-02 -0.643662E-03
 0.129393E-01 -0.424651E-02 -0.918123E-03  0.792291E-02 -0.259453E-02 -0.102505E-02
 0.405252E-02 -0.132975E-02 -0.893431E-03  0.169598E-02 -0.559145E-03 -0.602364E-03
 0.563541E-03 -0.186680E-03 -0.307353E-03  0.141723E-03 -0.470979E-04 -0.112681E-03
 0.254299E-04 -0.846575E-05 -0.254145E-04  0.366101E-05 -0.121992E-05 -0.795565E-06
 0.971334E-06 -0.323777E-06  0.177557E-05  0.367856E-06 -0.122617E-06  0.684433E-06
 0.779383E-07 -0.259787E-07  0.119258E-06  0.579245E-08 -0.193069E-08  0.764639E-08
 0.711889E-11 -0.235964E-11 -0.699626E-11  0.882041E-10 -0.294003E-10  0.160091E-09
 0.213748E-10 -0.712482E-11  0.386868E-10  0.196373E-11 -0.654561E-12  0.323529E-11
 0.159675E-12 -0.532217E-13  0.134106E-12  0.328116E-13 -0.109361E-13 -0.888459E-14
 0.492488E-14 -0.164140E-14 -0.491391E-14  0.127042E-16 -0.423470E-17  0.897347E-17
 0.304348E-17 -0.101434E-17  0.130121E-17  0.881068E-20 -0.293680E-20 -0.709503E-20
 0.110821E-22 -0.369397E-23 -0.451080E-23  0.263796E-25 -0.879321E-26 -0.247883E-25
 0.295480E-01 -0.984928E-02 -0.290632E-06  0.294617E-01 -0.981883E-02 -0.810521E-05
 0.290080E-01 -0.965879E-02 -0.491783E-04  0.276850E-01 -0.919393E-02 -0.166451E-03
 0.249150E-01 -0.823014E-02 -0.398477E-03  0.204435E-01 -0.669948E-02 -0.730854E-03
 0.147632E-01 -0.479917E-02 -0.104911E-02  0.911307E-02 -0.295104E-02 -0.118130E-02
 0.470119E-02 -0.152702E-02 -0.103926E-02  0.198396E-02 -0.649366E-03 -0.707121E-03
 0.664108E-03 -0.219076E-03 -0.363521E-03  0.168053E-03 -0.557343E-04 -0.133978E-03
 0.303203E-04 -0.100851E-04 -0.302986E-04  0.439105E-05 -0.146285E-05 -0.928429E-06
 0.116803E-05 -0.389341E-06  0.213556E-05  0.441922E-06 -0.147304E-06  0.822412E-06
 0.936038E-07 -0.311998E-07  0.143281E-06  0.695830E-08 -0.231918E-08  0.919039E-08
 0.853576E-11 -0.281875E-11 -0.839800E-11  0.105761E-09 -0.352514E-10  0.191925E-09
 0.256348E-10 -0.854473E-11  0.463947E-10  0.235445E-11 -0.784787E-12  0.387892E-11
 0.191346E-12 -0.637753E-13  0.160575E-12  0.393150E-13 -0.131028E-13 -0.107114E-13
 0.590438E-14 -0.196768E-14 -0.589219E-14  0.152341E-16 -0.507798E-17  0.106287E-16
 0.365519E-17 -0.121809E-17  0.156825E-17  0.105809E-19 -0.352679E-20 -0.851554E-20
 0.133048E-22 -0.443483E-23 -0.541300E-23  0.316699E-25 -0.105566E-25 -0.297591E-25
 0.310494E-01 -0.103497E-01 -0.306461E-06  0.309606E-01 -0.103176E-01 -0.854358E-05
 0.304939E-01 -0.101489E-01 -0.517826E-04  0.291398E-01 -0.966203E-02 -0.175574E-03
 0.263018E-01 -0.865476E-02 -0.421568E-03  0.216905E-01 -0.705584E-02 -0.776950E-03
 0.157789E-01 -0.507202E-02 -0.112322E-02  0.982917E-02 -0.314037E-02 -0.127685E-02
 0.512007E-02 -0.164247E-02 -0.113520E-02  0.218122E-02 -0.707516E-03 -0.780426E-03
 0.736337E-03 -0.241629E-03 -0.404689E-03  0.187660E-03 -0.620768E-04 -0.150063E-03
 0.340715E-04 -0.113205E-04 -0.340404E-04  0.496803E-05 -0.165460E-05 -0.101692E-05
 0.132539E-05 -0.441790E-06  0.242379E-05  0.500903E-06 -0.166962E-06  0.932397E-06
 0.106062E-06 -0.353514E-07  0.162418E-06  0.788646E-08 -0.262839E-08  0.104228E-07
 0.965635E-11 -0.317395E-11 -0.950865E-11  0.119612E-09 -0.398670E-10  0.217020E-09
 0.289992E-10 -0.966606E-11  0.524805E-10  0.266262E-11 -0.887488E-12  0.438650E-11
 0.216260E-12 -0.720754E-13  0.181315E-12  0.444284E-13 -0.148056E-13 -0.121901E-13
 0.667672E-14 -0.222481E-14 -0.666406E-14  0.172321E-16 -0.574393E-17  0.118516E-16
 0.414169E-17 -0.138004E-17  0.178441E-17  0.119884E-19 -0.399582E-20 -0.964180E-20
 0.150706E-22 -0.502338E-23 -0.612767E-23  0.358710E-25 -0.119570E-25 -0.337062E-25
 0.311444E-01 -0.103813E-01 -0.308720E-06  0.310576E-01 -0.103489E-01 -0.861133E-05
 0.306035E-01 -0.101793E-01 -0.521270E-04  0.292891E-01 -0.969183E-02 -0.177016E-03
 0.265377E-01 -0.868829E-02 -0.426689E-03  0.220247E-01 -0.709459E-02 -0.791127E-03
 0.161761E-01 -0.512082E-02 -0.115430E-02  0.101968E-01 -0.319736E-02 -0.132828E-02
 0.537988E-02 -0.169534E-02 -0.119722E-02  0.232033E-02 -0.742832E-03 -0.834232E-03
 0.792064E-03 -0.257913E-03 -0.437570E-03  0.203774E-03 -0.671507E-04 -0.163581E-03
 0.373069E-04 -0.123756E-04 -0.372585E-04  0.548906E-05 -0.182735E-05 -0.107444E-05
 0.147001E-05 -0.489995E-06  0.268903E-05  0.554754E-06 -0.184909E-06  0.103296E-05
 0.117413E-06 -0.391336E-07  0.179900E-06  0.873363E-08 -0.291051E-08  0.115518E-07
 0.106724E-10 -0.348408E-11 -0.105138E-10  0.132083E-09 -0.440217E-10  0.239586E-09
 0.320332E-10 -0.106772E-10  0.579665E-10  0.293996E-11 -0.979903E-12  0.484322E-11
 0.238592E-12 -0.795125E-13  0.199790E-12  0.490083E-13 -0.163299E-13 -0.135724E-13
 0.737149E-14 -0.245592E-14 -0.735893E-14  0.190337E-16 -0.634443E-17  0.128385E-16
 0.458493E-17 -0.152745E-17  0.198629E-17  0.132702E-19 -0.442288E-20 -0.106634E-19
 0.166769E-22 -0.555869E-23 -0.677574E-23  0.396877E-25 -0.132292E-25 -0.372919E-25
 0.290213E-01 -0.967357E-02 -0.288884E-06  0.289449E-01 -0.964331E-02 -0.807206E-05
 0.285475E-01 -0.948591E-02 -0.489931E-04  0.273949E-01 -0.903407E-02 -0.166670E-03
 0.249685E-01 -0.810534E-02 -0.403948E-03  0.209423E-01 -0.663269E-02 -0.756241E-03
 0.156288E-01 -0.481463E-02 -0.112053E-02  0.100493E-01 -0.304410E-02 -0.131536E-02
 0.541962E-02 -0.165053E-02 -0.121333E-02  0.238721E-02 -0.744736E-03 -0.864991E-03
 0.830591E-03 -0.266298E-03 -0.462742E-03  0.217197E-03 -0.710252E-04 -0.175465E-03
 0.403434E-04 -0.133396E-04 -0.402507E-04  0.602905E-05 -0.200540E-05 -0.108654E-05
 0.162519E-05 -0.541712E-06  0.297426E-05  0.611771E-06 -0.203907E-06  0.113975E-05
 0.129385E-06 -0.431210E-07  0.198431E-06  0.963023E-08 -0.320882E-08  0.127556E-07
 0.117448E-10 -0.378276E-11 -0.115558E-10  0.144915E-09 -0.482943E-10  0.262743E-09
 0.351656E-10 -0.117208E-10  0.636253E-10  0.322506E-11 -0.107487E-11  0.531251E-11
 0.261359E-12 -0.870867E-13  0.218378E-12  0.536699E-13 -0.178786E-13 -0.151034E-13
 0.808543E-14 -0.269288E-14 -0.807352E-14  0.208976E-16 -0.696558E-17  0.136092E-16
 0.505254E-17 -0.168261E-17  0.220993E-17  0.146212E-19 -0.487278E-20 -0.117305E-19
 0.183638E-22 -0.612076E-23 -0.745053E-23  0.436946E-25 -0.145648E-25 -0.410555E-25
 0.250159E-01 -0.833842E-02 -0.249854E-06  0.249563E-01 -0.831290E-02 -0.699452E-05
 0.246424E-01 -0.817884E-02 -0.427220E-04  0.237249E-01 -0.779242E-02 -0.145761E-03
 0.217701E-01 -0.699509E-02 -0.355471E-03  0.184910E-01 -0.573475E-02 -0.673191E-03
 0.140644E-01 -0.418364E-02 -0.101573E-02  0.926664E-02 -0.267852E-02 -0.122088E-02
 0.513554E-02 -0.148980E-02 -0.115818E-02  0.232271E-02 -0.697331E-03 -0.849238E-03
 0.827680E-03 -0.259180E-03 -0.465668E-03  0.220928E-03 -0.713940E-04 -0.179793E-03
 0.417955E-04 -0.137508E-04 -0.416193E-04  0.637014E-05 -0.211609E-05 -0.102274E-05
 0.173091E-05 -0.576938E-06  0.316937E-05  0.649494E-06 -0.216472E-06  0.121086E-05
 0.137238E-06 -0.457339E-07  0.210726E-06  0.102233E-07 -0.340568E-08  0.135649E-07
 0.124747E-10 -0.393776E-11 -0.122053E-10  0.152848E-09 -0.509318E-10  0.276962E-09
 0.371173E-10 -0.123707E-10  0.671442E-10  0.340086E-11 -0.113336E-11  0.560162E-11
 0.275111E-12 -0.916479E-13  0.229221E-12  0.564744E-13 -0.188057E-13 -0.162152E-13
 0.852560E-14 -0.283805E-14 -0.851382E-14  0.220705E-16 -0.735636E-17  0.137126E-16
 0.535940E-17 -0.178381E-17  0.237268E-17  0.155061E-19 -0.516712E-20 -0.124153E-19
 0.194612E-22 -0.648625E-23 -0.788231E-23  0.462927E-25 -0.154308E-25 -0.434949E-25
 0.206443E-01 -0.688123E-02 -0.207581E-06  0.206018E-01 -0.686120E-02 -0.581321E-05
 0.203659E-01 -0.675204E-02 -0.356765E-04  0.196704E-01 -0.643538E-02 -0.122301E-03
 0.181760E-01 -0.578003E-02 -0.300301E-03  0.156325E-01 -0.474343E-02 -0.575517E-03
 0.121199E-01 -0.347081E-02 -0.883867E-03  0.819392E-02 -0.224396E-02 -0.108843E-02
 0.467463E-02 -0.127825E-02 -0.106276E-02  0.217615E-02 -0.622127E-03 -0.802847E-03
 0.795717E-03 -0.241574E-03 -0.452034E-03  0.217184E-03 -0.690849E-04 -0.177998E-03
 0.419178E-04 -0.136996E-04 -0.416164E-04  0.652642E-05 -0.216426E-05 -0.908178E-06
 0.178819E-05 -0.596009E-06  0.327574E-05  0.668647E-06 -0.222844E-06  0.124750E-05
 0.141148E-06 -0.470317E-07  0.217011E-06  0.105249E-07 -0.350519E-08  0.139912E-07
 0.129081E-10 -0.397121E-11 -0.124808E-10  0.156226E-09 -0.520487E-10  0.282890E-09
 0.379676E-10 -0.126533E-10  0.686676E-10  0.347515E-11 -0.115799E-11  0.572338E-11
 0.280554E-12 -0.934339E-13  0.233023E-12  0.575728E-13 -0.191620E-13 -0.168923E-13
 0.871211E-14 -0.289823E-14 -0.869839E-14  0.226059E-16 -0.753461E-17  0.132930E-16
 0.551253E-17 -0.183345E-17  0.247304E-17  0.159454E-19 -0.531272E-20 -0.127382E-19
 0.199965E-22 -0.666423E-23 -0.808333E-23  0.475518E-25 -0.158505E-25 -0.446759E-25
 0.155916E-01 -0.519700E-02 -0.159946E-06  0.155623E-01 -0.518171E-02 -0.447429E-05
 0.154044E-01 -0.510022E-02 -0.274939E-04  0.149346E-01 -0.486264E-02 -0.947850E-04
 0.139170E-01 -0.436982E-02 -0.234566E-03  0.121536E-01 -0.358749E-02 -0.455908E-03
 0.965153E-02 -0.262738E-02 -0.715480E-03  0.674695E-02 -0.171168E-02 -0.908669E-03
 0.400216E-02 -0.100062E-02 -0.920726E-03  0.193864E-02 -0.512467E-03 -0.723518E-03
 0.734456E-03 -0.211780E-03 -0.422087E-03  0.206633E-03 -0.639950E-04 -0.170713E-03
 0.409864E-04 -0.132451E-04 -0.404599E-04  0.656772E-05 -0.217164E-05 -0.723355E-06
 0.181861E-05 -0.606108E-06  0.333284E-05  0.676754E-06 -0.225530E-06  0.126389E-05
 0.142680E-06 -0.475333E-07  0.219745E-06  0.106546E-07 -0.354681E-08  0.141980E-07
 0.132750E-10 -0.392060E-11 -0.124942E-10  0.156548E-09 -0.521420E-10  0.283194E-09
 0.380874E-10 -0.126918E-10  0.688636E-10  0.348106E-11 -0.115975E-11  0.573230E-11
 0.280253E-12 -0.932880E-13  0.231746E-12  0.574871E-13 -0.191178E-13 -0.173646E-13
 0.872914E-14 -0.290074E-14 -0.870795E-14  0.227492E-16 -0.758200E-17  0.123233E-16
 0.557319E-17 -0.185143E-17  0.254610E-17  0.161152E-19 -0.536798E-20 -0.128327E-19
 0.201860E-22 -0.672669E-23 -0.813783E-23  0.479855E-25 -0.159950E-25 -0.450805E-25
 0.937549E-02 -0.312500E-02 -0.102572E-06  0.936097E-02 -0.311586E-02 -0.286458E-05
 0.928035E-02 -0.306653E-02 -0.174364E-04  0.904146E-02 -0.292352E-02 -0.602147E-04
 0.852289E-02 -0.262750E-02 -0.150412E-03  0.761410E-02 -0.215596E-02 -0.297938E-03
 0.628121E-02 -0.157404E-02 -0.483574E-03  0.463386E-02 -0.102467E-02 -0.644621E-03
 0.294079E-02 -0.614690E-03 -0.693678E-03  0.153074E-02 -0.341142E-03 -0.582814E-03
 0.619125E-03 -0.158448E-03 -0.361764E-03  0.183989E-03 -0.534599E-04 -0.153424E-03
 0.383194E-04 -0.120537E-04 -0.372504E-04  0.645413E-05 -0.211947E-05 -0.383946E-06
 0.181608E-05 -0.605147E-06  0.332822E-05  0.669831E-06 -0.223191E-06  0.125316E-05
 0.140927E-06 -0.469317E-07  0.217689E-06  0.105554E-07 -0.351048E-08  0.141211E-07
 0.139435E-10 -0.378244E-11 -0.120770E-10  0.152132E-09 -0.506400E-10  0.274667E-09
 0.370855E-10 -0.123550E-10  0.670132E-10  0.338045E-11 -0.112577E-11  0.556507E-11
 0.270760E-12 -0.900258E-13  0.222060E-12  0.555116E-13 -0.184257E-13 -0.176324E-13
 0.848726E-14 -0.281325E-14 -0.843589E-14  0.223841E-16 -0.745955E-17  0.102296E-16
 0.550685E-17 -0.182439E-17  0.259930E-17  0.159132E-19 -0.529772E-20 -0.125951E-19
 0.198909E-22 -0.662680E-23 -0.797817E-23  0.472516E-25 -0.157502E-25 -0.443863E-25
 0.544039E-02 -0.181336E-02 -0.631539E-07  0.543250E-02 -0.180782E-02 -0.176380E-05
 0.539330E-02 -0.177950E-02 -0.106952E-04  0.527543E-02 -0.169667E-02 -0.369827E-04
 0.502018E-02 -0.152474E-02 -0.936103E-04  0.457293E-02 -0.124967E-02 -0.189340E-03
 0.390396E-02 -0.907097E-03 -0.316921E-03  0.303341E-02 -0.582100E-03 -0.441373E-03
 0.206488E-02 -0.349650E-03 -0.504197E-03  0.116464E-02 -0.207304E-03 -0.453837E-03
 0.508791E-03 -0.109890E-03 -0.301342E-03  0.161083E-03 -0.425727E-04 -0.134653E-03
 0.354021E-04 -0.106956E-04 -0.335604E-04  0.627667E-05 -0.204033E-05 -0.445556E-07
 0.178817E-05 -0.595637E-06  0.327283E-05  0.652694E-06 -0.217448E-06  0.122332E-05
 0.137043E-06 -0.456162E-07  0.212309E-06  0.103058E-07 -0.342317E-08  0.138332E-07
 0.152617E-10 -0.376075E-11 -0.114316E-10  0.145182E-09 -0.482851E-10  0.261470E-09
 0.354655E-10 -0.118112E-10  0.640413E-10  0.322303E-11 -0.107271E-11  0.530410E-11
 0.256667E-12 -0.851982E-13  0.208515E-12  0.526159E-13 -0.174157E-13 -0.175995E-13
 0.811506E-14 -0.267995E-14 -0.800124E-14  0.218508E-16 -0.728085E-17  0.796907E-17
 0.535717E-17 -0.176775E-17  0.262060E-17  0.154659E-19 -0.514459E-20 -0.121575E-19
 0.192965E-22 -0.642656E-23 -0.770421E-23  0.457891E-25 -0.152625E-25 -0.430078E-25
 0.284108E-02 -0.946966E-03 -0.350752E-07  0.283765E-02 -0.944163E-03 -0.980784E-06
 0.282075E-02 -0.929777E-03 -0.598620E-05  0.277081E-02 -0.887751E-03 -0.208115E-04
 0.266095E-02 -0.798963E-03 -0.534883E-04  0.246717E-02 -0.654326E-03 -0.110634E-03
 0.217484E-02 -0.470699E-03 -0.190748E-03  0.178448E-02 -0.294032E-03 -0.277583E-03
 0.131390E-02 -0.170631E-03 -0.337836E-03  0.818165E-03 -0.105498E-03 -0.329246E-03
 0.396913E-03 -0.659802E-04 -0.238080E-03  0.137512E-03 -0.311605E-04 -0.114072E-03
 0.324519E-04 -0.917257E-05 -0.294268E-04  0.610405E-05 -0.195117E-05  0.319546E-06
 0.175095E-05 -0.582814E-06  0.319224E-05  0.629795E-06 -0.209780E-06  0.118281E-05
 0.131940E-06 -0.438879E-07  0.205012E-06  0.998554E-08 -0.331074E-08  0.134325E-07
 0.183478E-10 -0.412760E-11 -0.106562E-10  0.136240E-09 -0.452485E-10  0.244443E-09
 0.333661E-10 -0.111058E-10  0.601909E-10  0.302020E-11 -0.100421E-11  0.496786E-11
 0.238746E-12 -0.790287E-13  0.191521E-12  0.489777E-13 -0.161351E-13 -0.173800E-13
 0.765551E-14 -0.251262E-14 -0.741074E-14  0.214628E-16 -0.715011E-17  0.544680E-17
 0.515980E-17 -0.169139E-17  0.264015E-17  0.148738E-19 -0.494091E-20 -0.115820E-19
 0.185187E-22 -0.616400E-23 -0.735145E-23  0.438700E-25 -0.146224E-25 -0.412010E-25
 0.107688E-02 -0.358937E-03 -0.154510E-07  0.107592E-02 -0.357963E-03 -0.432129E-06
 0.107073E-02 -0.352775E-03 -0.264315E-05  0.105538E-02 -0.337514E-03 -0.926478E-05
 0.102237E-02 -0.304941E-03 -0.238083E-04  0.965417E-03 -0.250474E-03 -0.498675E-04
 0.882258E-03 -0.179125E-03 -0.887194E-04  0.772589E-03 -0.108055E-03 -0.136026E-03
 0.631019E-03 -0.572014E-04 -0.178544E-03  0.454544E-03 -0.342754E-04 -0.194074E-03
 0.262930E-03 -0.270876E-04 -0.160416E-03  0.108480E-03 -0.182600E-04 -0.873323E-04
 0.293891E-04 -0.726315E-05 -0.241503E-04  0.604323E-05 -0.186544E-05  0.787300E-06
 0.171816E-05 -0.570746E-06  0.309441E-05  0.600413E-06 -0.199941E-06  0.113040E-05
 0.125394E-06 -0.416605E-07  0.195283E-06  0.962562E-08 -0.318069E-08  0.129026E-07
 0.280468E-10 -0.613789E-11 -0.992458E-11  0.123513E-09 -0.408997E-10  0.219814E-09
 0.303561E-10 -0.100917E-10  0.546578E-10  0.272924E-11 -0.905487E-12  0.448484E-11
 0.213235E-12 -0.701341E-13  0.167354E-12  0.439298E-13 -0.143160E-13 -0.168283E-13
 0.706725E-14 -0.228765E-14 -0.645706E-14  0.220218E-16 -0.733381E-17  0.240651E-17
 0.490079E-17 -0.158265E-17  0.269393E-17  0.140724E-19 -0.466035E-20 -0.107734E-19
 0.174846E-22 -0.581237E-23 -0.689306E-23  0.413036E-25 -0.137663E-25 -0.387878E-25
 0.356295E-03 -0.118757E-03 -0.632709E-08  0.355982E-03 -0.118446E-03 -0.177945E-06
 0.354264E-03 -0.116773E-03 -0.109862E-05  0.349304E-03 -0.111869E-03 -0.386825E-05
 0.339150E-03 -0.101453E-03 -0.993316E-05  0.323016E-03 -0.840431E-04 -0.207159E-04
 0.302173E-03 -0.607762E-04 -0.370174E-04  0.278365E-03 -0.364709E-04 -0.581029E-04
 0.249318E-03 -0.180862E-04 -0.804753E-04  0.207149E-03 -0.978664E-05 -0.959483E-04
 0.146681E-03 -0.922462E-05 -0.916185E-04  0.776746E-04 -0.929319E-05 -0.595628E-04
 0.266883E-04 -0.555862E-05 -0.187442E-04  0.631866E-05 -0.185602E-05  0.129837E-05
 0.174522E-05 -0.577288E-06  0.306300E-05  0.580966E-06 -0.193400E-06  0.109492E-05
 0.120817E-06 -0.400782E-07  0.187473E-06  0.952624E-08 -0.313389E-08  0.124830E-07
 0.524762E-10 -0.125158E-10 -0.104289E-10  0.110418E-09 -0.363764E-10  0.193430E-09
 0.272053E-10 -0.902493E-11  0.488336E-10  0.242347E-11 -0.800816E-12  0.397550E-11
 0.186892E-12 -0.607212E-13  0.142330E-12  0.390523E-13 -0.124663E-13 -0.157116E-13
 0.663484E-14 -0.209514E-14 -0.518640E-14  0.254899E-16 -0.848555E-17  0.630316E-18
 0.469480E-17 -0.147431E-17  0.282150E-17  0.133563E-19 -0.439769E-20 -0.997529E-20
 0.166350E-22 -0.551693E-23 -0.655558E-23  0.390727E-25 -0.130215E-25 -0.367008E-25
 0.129467E-03 -0.431532E-04 -0.301910E-08  0.129332E-03 -0.430447E-04 -0.845392E-07
 0.128613E-03 -0.424670E-04 -0.518184E-06  0.126519E-03 -0.407653E-04 -0.180574E-05
 0.122323E-03 -0.371648E-04 -0.459933E-05  0.116066E-03 -0.311890E-04 -0.949932E-05
 0.109079E-03 -0.232348E-04 -0.167756E-04  0.102942E-03 -0.147651E-04 -0.261156E-04
 0.972630E-04 -0.789317E-05 -0.363040E-04  0.888737E-04 -0.437234E-05 -0.448490E-04
 0.732291E-04 -0.413200E-05 -0.468643E-04  0.487777E-04 -0.498797E-05 -0.355924E-04
 0.225961E-04 -0.420954E-05 -0.131516E-04  0.675406E-05 -0.190332E-05  0.191965E-05
 0.187225E-05 -0.615863E-06  0.317621E-05  0.585535E-06 -0.194795E-06  0.110120E-05
 0.120899E-06 -0.400452E-07  0.185002E-06  0.992028E-08 -0.325064E-08  0.123374E-07
 0.994419E-10 -0.261631E-10 -0.127777E-10  0.996133E-10 -0.325874E-10  0.169888E-09
 0.244899E-10 -0.809970E-11  0.437694E-10  0.215919E-11 -0.709229E-12  0.353260E-11
 0.165202E-12 -0.526642E-13  0.121803E-12  0.356444E-13 -0.110313E-13 -0.137089E-13
 0.659169E-14 -0.201458E-14 -0.362160E-14  0.335103E-16 -0.111527E-16  0.191249E-17
 0.461741E-17 -0.139026E-17  0.302158E-17  0.129060E-19 -0.421195E-20 -0.932873E-20
 0.162711E-22 -0.537769E-23 -0.651447E-23  0.378790E-25 -0.126218E-25 -0.356093E-25
 0.385561E-04 -0.128516E-04 -0.135537E-08  0.385133E-04 -0.128250E-04 -0.378093E-07
 0.382698E-04 -0.126785E-04 -0.230008E-06  0.375800E-04 -0.122533E-04 -0.793824E-06
 0.362223E-04 -0.113643E-04 -0.199397E-05  0.342619E-04 -0.990988E-05 -0.403448E-05
 0.321594E-04 -0.797698E-05 -0.688731E-05  0.304769E-04 -0.585296E-05 -0.102259E-04
 0.293674E-04 -0.395679E-05 -0.134896E-04  0.281967E-04 -0.269145E-05 -0.160452E-04
 0.257442E-04 -0.224345E-05 -0.169279E-04  0.209241E-04 -0.239639E-05 -0.141045E-04
 0.138288E-04 -0.253615E-05 -0.575152E-05  0.656663E-05 -0.181563E-05  0.292706E-05
 0.221071E-05 -0.723193E-06  0.361699E-05  0.648897E-06 -0.215384E-06  0.120957E-05
 0.131401E-06 -0.434319E-07  0.193960E-06  0.115760E-07 -0.378190E-08  0.127486E-07
 0.221092E-09 -0.637975E-10 -0.153656E-10  0.882760E-10 -0.285249E-10  0.140913E-09
 0.213052E-10 -0.700675E-11  0.377489E-10  0.185077E-11 -0.600617E-12  0.301084E-11
 0.143168E-12 -0.438741E-13  0.101847E-12  0.338692E-13 -0.989938E-14 -0.839275E-14
 0.739193E-14 -0.215807E-14 -0.588989E-15  0.553275E-16 -0.184081E-16  0.114226E-16
 0.475797E-17 -0.131637E-17  0.347701E-17  0.126837E-19 -0.406469E-20 -0.871054E-20
 0.167146E-22 -0.548847E-23 -0.712630E-23  0.381641E-25 -0.127132E-25 -0.359755E-25
 0.194801E-04 -0.649323E-05 -0.897808E-09  0.194608E-04 -0.648272E-05 -0.251655E-07
 0.193484E-04 -0.642351E-05 -0.153898E-06  0.190362E-04 -0.625425E-05 -0.530676E-06
 0.184241E-04 -0.590340E-05 -0.132369E-05  0.175372E-04 -0.533466E-05 -0.262739E-05
 0.165604E-04 -0.457508E-05 -0.434886E-05  0.156854E-04 -0.370196E-05 -0.619042E-05
 0.149507E-04 -0.283860E-05 -0.776078E-05  0.141627E-04 -0.212653E-05 -0.867856E-05
 0.129705E-04 -0.168708E-05 -0.864110E-05  0.110562E-04 -0.156117E-05 -0.696878E-05
 0.850365E-05 -0.165009E-05 -0.251826E-05  0.545016E-05 -0.151779E-05  0.321177E-05
 0.243669E-05 -0.796872E-06  0.397337E-05  0.742532E-06 -0.245765E-06  0.137140E-05
 0.147894E-06 -0.487898E-07  0.212286E-06  0.136807E-07 -0.446789E-08  0.136795E-07
 0.355391E-09 -0.106593E-09 -0.846451E-11  0.828658E-10 -0.265282E-10  0.123077E-09
 0.194219E-10 -0.635725E-11  0.341384E-10  0.167177E-11 -0.536614E-12  0.270509E-11
 0.133782E-12 -0.395932E-13  0.949682E-13  0.350225E-13 -0.983643E-14 -0.216228E-14
 0.867219E-14 -0.247928E-14  0.236896E-14  0.793872E-16 -0.264041E-16  0.251840E-16
 0.508391E-17 -0.131666E-17  0.400858E-17  0.127969E-19 -0.402279E-20 -0.847592E-20
 0.177466E-22 -0.579675E-23 -0.810657E-23  0.397965E-25 -0.132537E-25 -0.376306E-25
 0.109331E-04 -0.364433E-05 -0.642042E-09  0.109200E-04 -0.363870E-05 -0.179720E-07
 0.108671E-04 -0.361447E-05 -0.109433E-06  0.107114E-04 -0.354267E-05 -0.375145E-06
 0.104064E-04 -0.339601E-05 -0.926019E-06  0.997036E-05 -0.316595E-05 -0.180718E-05
 0.946884E-05 -0.286089E-05 -0.291465E-05  0.894731E-05 -0.249424E-05 -0.399732E-05
 0.836300E-05 -0.207743E-05 -0.476162E-05  0.764414E-05 -0.164815E-05 -0.498499E-05
 0.674407E-05 -0.127480E-05 -0.456314E-05  0.566516E-05 -0.103056E-05 -0.332132E-05
 0.461073E-05 -0.985392E-06 -0.796590E-06  0.377316E-05 -0.107244E-05  0.286132E-05
 0.247805E-05 -0.811460E-06  0.409103E-05  0.889628E-06 -0.293197E-06  0.162280E-05
 0.177899E-06 -0.585053E-07  0.249737E-06  0.172000E-07 -0.561846E-08  0.157477E-07
 0.565026E-09 -0.174282E-09  0.236015E-10  0.790636E-10 -0.250575E-10  0.105197E-09
 0.175549E-10 -0.571257E-11  0.305258E-10  0.149994E-11 -0.474535E-12  0.241024E-11
 0.129262E-12 -0.367103E-13  0.953149E-13  0.389521E-13 -0.105892E-13  0.818938E-14
 0.109404E-13 -0.309921E-14  0.681919E-14  0.116082E-15 -0.385843E-16  0.494323E-16
 0.571237E-17 -0.138552E-17  0.480982E-17  0.131827E-19 -0.404342E-20 -0.785545E-20
 0.196767E-22 -0.638823E-23 -0.983536E-23  0.431338E-25 -0.143610E-25 -0.409649E-25
 0.726702E-05 -0.242232E-05 -0.508973E-09  0.726121E-05 -0.241995E-05 -0.142187E-07
 0.722938E-05 -0.240703E-05 -0.863017E-07  0.714187E-05 -0.237090E-05 -0.294353E-06
 0.697161E-05 -0.229839E-05 -0.719743E-06  0.672372E-05 -0.218585E-05 -0.138465E-05
 0.642377E-05 -0.203661E-05 -0.218642E-05  0.606473E-05 -0.184624E-05 -0.291541E-05
 0.558971E-05 -0.160162E-05 -0.334939E-05  0.495445E-05 -0.130817E-05 -0.335120E-05
 0.418393E-05 -0.100599E-05 -0.288028E-05  0.336858E-05 -0.757298E-06 -0.191578E-05
 0.271582E-05 -0.646388E-06 -0.281519E-06  0.249861E-05 -0.725737E-06  0.217157E-05
 0.218928E-05 -0.717190E-06  0.366335E-05  0.102870E-05 -0.337438E-06  0.185228E-05
 0.217375E-06 -0.711998E-07  0.303119E-06  0.216665E-07 -0.707664E-08  0.190167E-07
 0.817192E-09 -0.256222E-09  0.943366E-10  0.775586E-10 -0.243853E-10  0.910756E-10
 0.160334E-10 -0.518840E-11  0.275744E-10  0.136656E-11 -0.426106E-12  0.218264E-11
 0.130805E-12 -0.359653E-13  0.104193E-12  0.451037E-13 -0.121036E-13  0.213766E-13
 0.138373E-13 -0.392783E-14  0.121314E-13  0.158401E-15 -0.526044E-16  0.806749E-16
 0.648452E-17 -0.150014E-17  0.571343E-17  0.137490E-19 -0.415980E-20 -0.704492E-20
 0.221595E-22 -0.715595E-23 -0.120070E-22  0.475666E-25 -0.158326E-25 -0.453724E-25
 0.412378E-05 -0.137459E-05 -0.341460E-09  0.412020E-05 -0.137334E-05 -0.954155E-08
 0.409970E-05 -0.136617E-05 -0.579412E-07  0.404303E-05 -0.134629E-05 -0.196686E-06
 0.393282E-05 -0.130730E-05 -0.475280E-06  0.377160E-05 -0.124927E-05 -0.894177E-06
 0.357619E-05 -0.117700E-05 -0.136759E-05  0.334290E-05 -0.108865E-05 -0.175418E-05
 0.302997E-05 -0.970564E-06 -0.193247E-05  0.260493E-05 -0.813853E-06 -0.184475E-05
 0.208904E-05 -0.629989E-06 -0.150144E-05  0.156141E-05 -0.451387E-06 -0.947451E-06
 0.115726E-05 -0.328160E-06 -0.179122E-06  0.104740E-05 -0.317442E-06  0.889873E-06
 0.127114E-05 -0.415762E-06  0.209586E-05  0.107752E-05 -0.351049E-06  0.187839E-05
 0.320702E-06 -0.103833E-06  0.452677E-06  0.348192E-07 -0.113401E-07  0.312702E-07
 0.151346E-08 -0.482485E-09  0.433323E-09  0.799397E-10 -0.248420E-10  0.711179E-10
 0.134920E-10 -0.431828E-11  0.226986E-10  0.116608E-11 -0.353519E-12  0.185253E-11
 0.149892E-12 -0.400707E-13  0.148925E-12  0.645597E-13 -0.175323E-13  0.594626E-13
 0.219381E-13 -0.633356E-14  0.266418E-13  0.262858E-15 -0.870442E-16  0.167678E-15
 0.836910E-17 -0.181697E-17  0.800597E-17  0.154822E-19 -0.424922E-20 -0.113656E-19
 0.290273E-22 -0.928558E-23 -0.179095E-22  0.600664E-25 -0.199832E-25 -0.577657E-25
 0.286260E-05 -0.954198E-06 -0.257231E-09  0.285901E-05 -0.952991E-06 -0.718630E-08
 0.283970E-05 -0.946488E-06 -0.435619E-07  0.278632E-05 -0.928492E-06 -0.147150E-06
 0.268168E-05 -0.893152E-06 -0.351857E-06  0.252925E-05 -0.841464E-06 -0.650058E-06
 0.235283E-05 -0.781204E-06 -0.969221E-06  0.216351E-05 -0.715927E-06 -0.120682E-05
 0.193839E-05 -0.637986E-06 -0.129139E-05  0.164985E-05 -0.538393E-06 -0.120363E-05
 0.130310E-05 -0.419579E-06 -0.966897E-06  0.945119E-06 -0.298393E-06 -0.624907E-06
 0.656704E-06 -0.203112E-06 -0.202987E-06  0.541606E-06 -0.169504E-06  0.335375E-06
 0.670708E-06 -0.218853E-06  0.101304E-05  0.799941E-06 -0.260656E-06  0.133503E-05
 0.390994E-06 -0.125232E-06  0.558138E-06  0.510328E-07 -0.165209E-07  0.493503E-07
 0.236655E-08 -0.757776E-09  0.103791E-08  0.874586E-10 -0.269588E-10  0.640062E-10
 0.117371E-10 -0.372172E-11  0.194642E-10  0.105404E-11 -0.314155E-12  0.169095E-11
 0.181856E-12 -0.493088E-13  0.216756E-12  0.883653E-13 -0.246711E-13  0.105284E-12
 0.312063E-13 -0.916343E-14  0.434331E-13  0.366366E-15 -0.120817E-15  0.262102E-15
 0.101089E-16 -0.209666E-17  0.998563E-17  0.281924E-19 -0.674715E-20 -0.160527E-20
 0.368603E-22 -0.117079E-22 -0.245255E-22  0.744209E-25 -0.247490E-25 -0.719720E-25
 0.215756E-05 -0.719187E-06 -0.203893E-09  0.215374E-05 -0.717910E-06 -0.569367E-08
 0.213460E-05 -0.711514E-06 -0.344345E-07  0.208086E-05 -0.693551E-06 -0.115740E-06
 0.197612E-05 -0.658525E-06 -0.273975E-06  0.182421E-05 -0.607676E-06 -0.497567E-06
 0.165364E-05 -0.550472E-06 -0.723669E-06  0.148615E-05 -0.494127E-06 -0.874263E-06
 0.131221E-05 -0.435466E-06 -0.907246E-06  0.110782E-05 -0.366517E-06 -0.824357E-06
 0.868923E-06 -0.286037E-06 -0.653443E-06  0.620817E-06 -0.202635E-06 -0.431286E-06
 0.411934E-06 -0.132739E-06 -0.184558E-06  0.305315E-06 -0.977435E-07  0.100541E-06
 0.346789E-06 -0.112973E-06  0.449828E-06  0.496187E-06 -0.162023E-06  0.784500E-06
 0.370028E-06 -0.118160E-06  0.525279E-06  0.692676E-07 -0.222013E-07  0.718529E-07
 0.347278E-08 -0.111099E-08  0.198583E-08  0.994013E-10 -0.303321E-10  0.664009E-10
 0.103589E-10 -0.324972E-11  0.170764E-10  0.990645E-12 -0.293603E-12  0.162807E-11
 0.223579E-12 -0.624902E-13  0.304668E-12  0.116388E-12 -0.334254E-13  0.159755E-12
 0.417558E-13 -0.124405E-13  0.629408E-13  0.468298E-15 -0.153468E-15  0.356932E-15
 0.115848E-16 -0.221962E-17  0.111474E-16  0.441122E-19 -0.105610E-19  0.215753E-19
 0.460890E-22 -0.145468E-22 -0.321739E-22  0.912604E-25 -0.303384E-25 -0.886168E-25
 0.159366E-05 -0.531221E-06 -0.159507E-09  0.159023E-05 -0.530077E-06 -0.445392E-08
 0.157257E-05 -0.524185E-06 -0.269011E-07  0.152258E-05 -0.507510E-06 -0.900595E-07
 0.142556E-05 -0.475142E-06 -0.211327E-06  0.128692E-05 -0.428878E-06 -0.377819E-06
 0.113627E-05 -0.378578E-06 -0.536544E-06  0.999637E-06 -0.332917E-06 -0.628482E-06
 0.873634E-06 -0.290767E-06 -0.630699E-06  0.736008E-06 -0.244719E-06 -0.555540E-06
 0.577398E-06 -0.191662E-06 -0.430936E-06  0.409972E-06 -0.135649E-06 -0.285720E-06
 0.263478E-06 -0.865937E-07 -0.140336E-06  0.175557E-06 -0.571087E-07  0.883298E-08
 0.176787E-06 -0.575858E-07  0.186168E-06  0.260147E-06 -0.851209E-07  0.382247E-06
 0.272280E-06 -0.873522E-07  0.377238E-06  0.834237E-07 -0.264463E-07  0.912149E-07
 0.494001E-08 -0.157119E-08  0.338087E-08  0.116728E-09 -0.350321E-10  0.777948E-10
 0.917538E-11 -0.282761E-11  0.151629E-10  0.960390E-12 -0.286033E-12  0.163280E-11
 0.275014E-12 -0.796229E-13  0.413725E-12  0.149480E-12 -0.440906E-13  0.225005E-12
 0.539449E-13 -0.162785E-13  0.859324E-13  0.567277E-15 -0.184015E-15  0.442884E-15
 0.128965E-16 -0.216713E-17  0.117610E-16  0.540542E-19 -0.136603E-19  0.400565E-19
 0.577457E-22 -0.181126E-22 -0.415563E-22  0.112707E-24 -0.374551E-25 -0.109782E-24
 0.126137E-05 -0.420457E-06 -0.129882E-09  0.125821E-05 -0.419402E-06 -0.362668E-08
 0.124125E-05 -0.413748E-06 -0.218828E-07  0.119368E-05 -0.397889E-06 -0.730205E-07
 0.110167E-05 -0.367210E-06 -0.170077E-06  0.970906E-06 -0.323604E-06 -0.299857E-06
 0.831994E-06 -0.277275E-06 -0.416604E-06  0.713038E-06 -0.237588E-06 -0.473635E-06
 0.613933E-06 -0.204513E-06 -0.458730E-06  0.515003E-06 -0.171495E-06 -0.389525E-06
 0.403985E-06 -0.134448E-06 -0.292442E-06  0.285862E-06 -0.950185E-07 -0.190496E-06
 0.179692E-06 -0.595222E-07 -0.985910E-07  0.109455E-06 -0.359351E-07 -0.157551E-07
 0.955269E-07 -0.311395E-07  0.775263E-07  0.133789E-06 -0.437953E-07  0.179653E-06
 0.175370E-06 -0.566061E-07  0.235831E-06  0.811849E-07 -0.256135E-07  0.909500E-07
 0.647764E-08 -0.203759E-08  0.492673E-08  0.136544E-09 -0.400302E-10  0.945519E-10
 0.826554E-11 -0.247258E-11  0.137291E-10  0.954555E-12 -0.287018E-12  0.166586E-11
 0.325008E-12 -0.969490E-13  0.520431E-12  0.181339E-12 -0.546361E-13  0.288690E-12
 0.655096E-13 -0.199632E-13  0.108114E-12  0.642588E-15 -0.205420E-15  0.492402E-15
 0.140934E-16 -0.207270E-17  0.122910E-16  0.683448E-19 -0.178833E-19  0.635847E-19
 0.707083E-22 -0.220623E-22 -0.515698E-22  0.136928E-24 -0.454903E-25 -0.133639E-24
 0.110692E-05 -0.368973E-06 -0.115349E-09  0.110382E-05 -0.367941E-06 -0.322053E-08
 0.108761E-05 -0.362535E-06 -0.194220E-07  0.104215E-05 -0.347380E-06 -0.647010E-07
 0.954271E-06 -0.318082E-06 -0.150129E-06  0.830037E-06 -0.276661E-06 -0.262824E-06
 0.699337E-06 -0.233081E-06 -0.360969E-06  0.590598E-06 -0.196816E-06 -0.403791E-06
 0.504423E-06 -0.168072E-06 -0.383126E-06  0.422452E-06 -0.140732E-06 -0.317890E-06
 0.331734E-06 -0.110479E-06 -0.233119E-06  0.234680E-06 -0.781031E-07 -0.148930E-06
 0.146168E-06 -0.485320E-07 -0.775476E-07  0.852102E-07 -0.280746E-07 -0.182033E-07
 0.677397E-07 -0.220935E-07  0.453714E-07  0.916339E-07 -0.299738E-07  0.116364E-06
 0.129562E-06 -0.419455E-07  0.171131E-06  0.731440E-07 -0.230812E-07  0.822701E-07
 0.729325E-08 -0.227577E-08  0.578604E-08  0.148398E-09 -0.427180E-10  0.105020E-09
 0.780912E-11 -0.227453E-11  0.129620E-10  0.956805E-12 -0.289139E-12  0.168029E-11
 0.352384E-12 -0.106693E-12  0.578916E-12  0.198984E-12 -0.605904E-13  0.324285E-12
 0.718847E-13 -0.220115E-13  0.120470E-12  0.676069E-15 -0.213650E-15  0.502414E-15
 0.148034E-16 -0.202835E-17  0.125807E-16  0.826140E-19 -0.217611E-19  0.856578E-19
 0.791688E-22 -0.246344E-22 -0.579023E-22  0.152558E-24 -0.506736E-25 -0.149012E-24
 0.000000E+00  0.000000E+00  0.000000E+00  0.000000E+00  0.000000E+00  0.000000E+00
 0.000000E+00  0.000000E+00  0.000000E+00  0.000000E+00  0.000000E+00  0.000000E+00
 0.000000E+00  0.000000E+00  0.000000E+00  0.000000E+00  0.000000E+00  0.000000E+00
 0.000000E+00  0.000000E+00  0.000000E+00  0.000000E+00  0.000000E+00  0.000000E+00
 0.000000E+00  0.000000E+00  0.000000E+00  0.000000E+00  0.000000E+00  0.000000E+00
 0.000000E+00  0.000000E+00  0.000000E+00  0.000000E+00  0.000000E+00  0.000000E+00
 0.000000E+00  0.000000E+00  0.000000E+00  0.000000E+00  0.000000E+00  0.000000E+00
 0.000000E+00  0.000000E+00  0.000000E+00  0.000000E+00  0.000000E+00  0.000000E+00
 0.000000E+00  0.000000E+00  0.000000E+00  0.000000E+00  0.000000E+00  0.000000E+00
 0.000000E+00  0.000000E+00  0.000000E+00  0.000000E+00  0.000000E+00  0.000000E+00
 0.000000E+00  0.000000E+00  0.000000E+00  0.000000E+00  0.000000E+00  0.000000E+00
 0.000000E+00  0.000000E+00  0.000000E+00  0.000000E+00  0.000000E+00  0.000000E+00
 0.000000E+00  0.000000E+00  0.000000E+00  0.000000E+00  0.000000E+00  0.000000E+00
 0.000000E+00  0.000000E+00  0.000000E+00  0.000000E+00  0.000000E+00  0.000000E+00
 0.000000E+00  0.000000E+00  0.000000E+00  0.000000E+00  0.000000E+00  0.000000E+00
 0.476572E+00  0.476572E+00 -0.610823E-10  0.474628E+00  0.474628E+00 -0.170702E-08
 0.464411E+00  0.464411E+00 -0.102629E-07  0.435078E+00  0.435078E+00 -0.340514E-07
 0.375738E+00  0.375738E+00 -0.763201E-07  0.285547E+00  0.285547E+00 -0.126036E-06
 0.182436E+00  0.182435E+00 -0.148791E-06  0.947182E-01  0.947179E-01 -0.120620E-06
 0.392671E-01  0.392670E-01 -0.667452E-07  0.128876E-01  0.128876E-01 -0.230010E-07
 0.329459E-02  0.329458E-02 -0.405980E-08  0.626297E-03  0.626293E-03  0.200496E-09
 0.781365E-04  0.781357E-04  0.348720E-09  0.420869E-05  0.420853E-05  0.111166E-09
 0.872149E-08  0.869780E-08  0.209947E-10  0.153408E-06  0.153405E-06  0.262063E-11
 0.448112E-07  0.448109E-07  0.223517E-12  0.286089E-08  0.286087E-08  0.153712E-13
 0.138145E-10  0.138128E-10  0.119323E-14  0.838076E-10  0.838075E-10  0.958018E-16
 0.199865E-10  0.199865E-10  0.742433E-17  0.268972E-11  0.268972E-11  0.779507E-18
 0.384578E-12  0.384578E-12  0.126096E-18  0.985873E-13  0.985873E-13  0.382550E-19
 0.123421E-13  0.123421E-13  0.746136E-20  0.501104E-17  0.501099E-17  0.379241E-22
 0.237530E-20  0.237204E-20  0.373289E-23  0.270696E-20  0.270696E-20  0.355428E-26
 0.536683E-27  0.535579E-27  0.103651E-31  0.288497E-27  0.288496E-27  0.114336E-32
 0.703687E+00  0.703687E+00 -0.313103E-09  0.700825E+00  0.700825E+00 -0.873433E-08
 0.685791E+00  0.685791E+00 -0.524607E-07  0.642620E+00  0.642619E+00 -0.173854E-06
 0.555246E+00  0.555245E+00 -0.391976E-06  0.422340E+00  0.422338E+00 -0.644459E-06
 0.270170E+00  0.270169E+00 -0.762094E-06  0.140492E+00  0.140491E+00 -0.621168E-06
 0.583419E-01  0.583413E-01 -0.344124E-06  0.191772E-01  0.191770E-01 -0.118885E-06
 0.490869E-02  0.490862E-02 -0.210168E-07  0.934005E-03  0.933986E-03  0.105079E-08
 0.116598E-03  0.116594E-03  0.181390E-08  0.628286E-05  0.628201E-05  0.578025E-09
 0.130997E-07  0.129766E-07  0.109169E-09  0.229128E-06  0.229115E-06  0.136263E-10
 0.669323E-07  0.669311E-07  0.116201E-11  0.427364E-08  0.427354E-08  0.798888E-13
 0.206187E-10  0.206096E-10  0.620058E-14  0.125155E-09  0.125155E-09  0.497810E-15
 0.298478E-10  0.298477E-10  0.385776E-16  0.401674E-11  0.401673E-11  0.405091E-17
 0.574304E-12  0.574304E-12  0.655353E-18  0.147221E-12  0.147221E-12  0.198821E-18
 0.184294E-13  0.184294E-13  0.387794E-19  0.747468E-17  0.747442E-17  0.197068E-21
 0.353575E-20  0.351879E-20  0.194039E-22  0.404347E-20  0.404346E-20  0.184839E-25
 0.805652E-27  0.799913E-27  0.557199E-31  0.430930E-27  0.430924E-27  0.594333E-32
 0.811076E+00  0.811076E+00 -0.868766E-09  0.807795E+00  0.807795E+00 -0.242253E-07
 0.790552E+00  0.790552E+00 -0.145156E-06  0.741039E+00  0.741038E+00 -0.478672E-06
 0.640744E+00  0.640742E+00 -0.108602E-05  0.488014E+00  0.488010E+00 -0.178117E-05
 0.312768E+00  0.312763E+00 -0.211256E-05  0.163029E+00  0.163025E+00 -0.173281E-05
 0.678719E-01  0.678701E-01 -0.961974E-06  0.223609E-01  0.223603E-01 -0.333594E-06
 0.573446E-02  0.573425E-02 -0.591145E-07  0.109266E-02  0.109260E-02  0.301042E-08
 0.136532E-03  0.136519E-03  0.513829E-08  0.736150E-05  0.735912E-05  0.163655E-08
 0.155262E-07  0.151778E-07  0.309102E-09  0.268665E-06  0.268627E-06  0.385793E-10
 0.784857E-07  0.784824E-07  0.328917E-11  0.501215E-08  0.501187E-08  0.226036E-12
 0.241534E-10  0.241277E-10  0.175397E-13  0.146715E-09  0.146713E-09  0.140806E-14
 0.349906E-10  0.349904E-10  0.109112E-15  0.470869E-11  0.470868E-11  0.114598E-16
 0.673222E-12  0.673221E-12  0.185421E-17  0.172572E-12  0.172571E-12  0.562529E-18
 0.216010E-13  0.216009E-13  0.109722E-18  0.874711E-17  0.874639E-17  0.557431E-21
 0.413037E-20  0.408240E-20  0.549130E-22  0.474174E-20  0.474170E-20  0.523449E-25
 0.952693E-27  0.936455E-27  0.165448E-30  0.505346E-27  0.505328E-27  0.168199E-31
 0.834315E+00  0.834315E+00 -0.155976E-08  0.830955E+00  0.830955E+00 -0.435070E-07
 0.813305E+00  0.813304E+00 -0.260616E-06  0.762625E+00  0.762622E+00 -0.857504E-06
 0.659884E+00  0.659879E+00 -0.195105E-05  0.503237E+00  0.503230E+00 -0.320107E-05
 0.323134E+00  0.323126E+00 -0.380644E-05  0.168828E+00  0.168822E+00 -0.313892E-05
 0.704625E-01  0.704593E-01 -0.174673E-05  0.232677E-01  0.232665E-01 -0.607993E-06
 0.597831E-02  0.597793E-02 -0.107995E-06  0.114072E-02  0.114062E-02  0.560245E-08
 0.142671E-03  0.142647E-03  0.945351E-08  0.769753E-05  0.769315E-05  0.300953E-08
 0.164670E-07  0.158267E-07  0.568439E-09  0.281132E-06  0.281061E-06  0.709441E-10
 0.821309E-07  0.821247E-07  0.604708E-11  0.524581E-08  0.524529E-08  0.415394E-12
 0.252530E-10  0.252057E-10  0.322256E-13  0.153484E-09  0.153480E-09  0.258684E-14
 0.366058E-10  0.366055E-10  0.200450E-15  0.492590E-11  0.492589E-11  0.210566E-16
 0.704259E-12  0.704256E-12  0.340748E-17  0.180522E-12  0.180521E-12  0.103376E-17
 0.225942E-13  0.225940E-13  0.201640E-18  0.913484E-17  0.913352E-17  0.102413E-20
 0.431187E-20  0.422370E-20  0.100937E-21  0.496237E-20  0.496230E-20  0.962808E-25
 0.101263E-26  0.982787E-27  0.318210E-30  0.528850E-27  0.528817E-27  0.309178E-31
 0.814438E+00  0.814438E+00 -0.289408E-08  0.811189E+00  0.811189E+00 -0.808048E-07
 0.794102E+00  0.794101E+00 -0.485509E-06  0.745019E+00  0.745015E+00 -0.159965E-05
 0.645429E+00  0.645420E+00 -0.363981E-05  0.493248E+00  0.493234E+00 -0.599550E-05
 0.317711E+00  0.317695E+00 -0.715531E-05  0.166638E+00  0.166627E+00 -0.594666E-05
 0.698386E-01  0.698326E-01 -0.332380E-05  0.231499E-01  0.231476E-01 -0.116397E-05
 0.596681E-02  0.596607E-02 -0.207569E-06  0.114119E-02  0.114099E-02  0.111033E-07
 0.142955E-03  0.142910E-03  0.183844E-07  0.772177E-05  0.771328E-05  0.584845E-08
 0.170101E-07  0.157668E-07  0.110471E-08  0.282344E-06  0.282206E-06  0.137861E-09
 0.824877E-07  0.824758E-07  0.117465E-10  0.527007E-08  0.526906E-08  0.806365E-12
 0.253332E-10  0.252414E-10  0.625315E-13  0.154073E-09  0.154066E-09  0.501901E-14
 0.367478E-10  0.367473E-10  0.388892E-15  0.494478E-11  0.494474E-11  0.408639E-16
 0.706925E-12  0.706920E-12  0.661436E-17  0.181195E-12  0.181194E-12  0.200663E-17
 0.226752E-13  0.226749E-13  0.391423E-18  0.914376E-17  0.914120E-17  0.198715E-20
 0.432872E-20  0.415752E-20  0.196010E-21  0.498442E-20  0.498429E-20  0.187169E-24
 0.104218E-26  0.984234E-27  0.662831E-30  0.531199E-27  0.531135E-27  0.600407E-31
 0.744999E+00  0.744999E+00 -0.530155E-08  0.742071E+00  0.742071E+00 -0.148214E-06
 0.726657E+00  0.726654E+00 -0.895174E-06  0.682317E+00  0.682309E+00 -0.296356E-05
 0.592230E+00  0.592213E+00 -0.673404E-05  0.454085E+00  0.454059E+00 -0.111757E-04
 0.293927E+00  0.293899E+00 -0.134140E-04  0.155109E+00  0.155088E+00 -0.112711E-04
 0.654366E-01  0.654251E-01 -0.634999E-05  0.218236E-01  0.218191E-01 -0.224437E-05
 0.565333E-02  0.565190E-02 -0.402617E-06  0.108528E-02  0.108490E-02  0.226076E-07
 0.136301E-03  0.136212E-03  0.363438E-07  0.737725E-05  0.736054E-05  0.115502E-07
 0.172578E-07  0.148063E-07  0.218184E-08  0.270213E-06  0.269941E-06  0.272251E-09
 0.789420E-07  0.789183E-07  0.231839E-10  0.504584E-08  0.504384E-08  0.158984E-11
 0.242175E-10  0.240364E-10  0.123211E-12  0.147327E-09  0.147313E-09  0.988751E-14
 0.351411E-10  0.351402E-10  0.766047E-15  0.472821E-11  0.472814E-11  0.805326E-16
 0.675915E-12  0.675905E-12  0.130399E-16  0.173231E-12  0.173229E-12  0.395595E-17
 0.216737E-13  0.216731E-13  0.771722E-18  0.870366E-17  0.869861E-17  0.391513E-20
 0.417599E-20  0.383832E-20  0.386679E-21  0.477083E-20  0.477056E-20  0.369851E-24
 0.104214E-26  0.927867E-27  0.144533E-29  0.508443E-27  0.508317E-27  0.118451E-30
 0.632790E+00  0.632790E+00 -0.954698E-08  0.630360E+00  0.630360E+00 -0.267013E-06
 0.617565E+00  0.617561E+00 -0.161532E-05  0.580678E+00  0.580665E+00 -0.536822E-05
 0.505491E+00  0.505461E+00 -0.122439E-04  0.389613E+00  0.389566E+00 -0.204920E-04
 0.254157E+00  0.254105E+00 -0.248595E-04  0.135436E+00  0.135396E+00 -0.212238E-04
 0.577432E-01  0.577214E-01 -0.121327E-04  0.194493E-01  0.194405E-01 -0.434886E-05
 0.507957E-02  0.507675E-02 -0.786968E-06  0.981097E-03  0.980329E-03  0.476776E-07
 0.123743E-03  0.123565E-03  0.733100E-07  0.672266E-05  0.668914E-05  0.232670E-07
 0.178262E-07  0.128989E-07  0.439581E-08  0.246848E-06  0.246302E-06  0.548440E-09
 0.720997E-07  0.720521E-07  0.466622E-10  0.461203E-08  0.460802E-08  0.319472E-11
 0.221225E-10  0.217589E-10  0.247338E-12  0.134367E-09  0.134340E-09  0.198427E-13
 0.320525E-10  0.320508E-10  0.153708E-14  0.431208E-11  0.431194E-11  0.161708E-15
 0.616355E-12  0.616336E-12  0.261983E-16  0.157944E-12  0.157938E-12  0.794771E-17
 0.197538E-13  0.197526E-13  0.155063E-17  0.788077E-17  0.787065E-17  0.785829E-20
 0.394995E-20  0.327104E-20  0.777716E-21  0.435804E-20  0.435751E-20  0.745753E-24
 0.106564E-26  0.835900E-27  0.333965E-29  0.464488E-27  0.464234E-27  0.238257E-30
 0.529828E+00  0.529828E+00 -0.145195E-07  0.527844E+00  0.527843E+00 -0.405890E-06
 0.517400E+00  0.517393E+00 -0.244971E-05  0.487235E+00  0.487215E+00 -0.814754E-05
 0.425522E+00  0.425476E+00 -0.187201E-04  0.329889E+00  0.329817E+00 -0.315532E-04
 0.217060E+00  0.216979E+00 -0.387789E-04  0.116943E+00  0.116879E+00 -0.336678E-04
 0.504577E-01  0.504223E-01 -0.195915E-04  0.171893E-01  0.171748E-01 -0.713197E-05
 0.453175E-02  0.452702E-02 -0.130226E-05  0.881499E-03  0.880198E-03  0.856613E-07
 0.111745E-03  0.111442E-03  0.125828E-06  0.610131E-05  0.604409E-05  0.398904E-07
 0.192186E-07  0.107906E-07  0.753818E-08  0.224562E-06  0.223627E-06  0.940422E-09
 0.655536E-07  0.654721E-07  0.799397E-10  0.419718E-08  0.419032E-08  0.546344E-11
 0.201791E-10  0.195579E-10  0.422514E-12  0.121958E-09  0.121911E-09  0.338843E-13
 0.290942E-10  0.290913E-10  0.262429E-14  0.391349E-11  0.391326E-11  0.276308E-15
 0.559305E-12  0.559272E-12  0.447915E-16  0.143301E-12  0.143291E-12  0.135879E-16
 0.179149E-13  0.179129E-13  0.265145E-17  0.709447E-17  0.707718E-17  0.134217E-19
 0.385481E-20  0.269300E-20  0.133140E-20  0.396269E-20  0.396177E-20  0.128007E-23
 0.112042E-26  0.727320E-27  0.652655E-29  0.422417E-27  0.421984E-27  0.407924E-30
 0.428266E+00  0.428266E+00 -0.207041E-07  0.426711E+00  0.426709E+00 -0.578576E-06
 0.418522E+00  0.418513E+00 -0.348525E-05  0.394858E+00  0.394829E+00 -0.115924E-04
 0.346277E+00  0.346212E+00 -0.268131E-04  0.270437E+00  0.270334E+00 -0.456303E-04
 0.179911E+00  0.179792E+00 -0.570401E-04  0.983105E-01  0.982150E-01 -0.505645E-04
 0.430838E-01  0.430292E-01 -0.301408E-04  0.148986E-01  0.148757E-01 -0.111973E-04
 0.397748E-02  0.396984E-02 -0.206709E-05  0.781068E-03  0.778941E-03  0.150375E-06
 0.997062E-04  0.992083E-04  0.209627E-06  0.548663E-05  0.539192E-05  0.663952E-07
 0.221632E-07  0.817207E-08  0.125527E-07  0.202411E-06  0.200855E-06  0.156598E-08
 0.590137E-07  0.588782E-07  0.132976E-09  0.378334E-08  0.377194E-08  0.906852E-11
 0.183343E-10  0.173044E-10  0.700307E-12  0.109522E-09  0.109445E-09  0.561363E-13
 0.261286E-10  0.261238E-10  0.434656E-14  0.351385E-11  0.351346E-11  0.458094E-15
 0.502098E-12  0.502042E-12  0.743142E-16  0.128616E-12  0.128599E-12  0.225426E-16
 0.160701E-13  0.160668E-13  0.439984E-17  0.630355E-17  0.627487E-17  0.222410E-19
 0.396519E-20  0.203504E-20  0.221293E-20  0.356713E-20  0.356561E-20  0.213428E-23
 0.124835E-26  0.595384E-27  0.125155E-28  0.380402E-27  0.379683E-27  0.678121E-30
 0.310036E+00  0.310035E+00 -0.294106E-07  0.308963E+00  0.308961E+00 -0.822055E-06
 0.303326E+00  0.303313E+00 -0.495503E-05  0.287023E+00  0.286983E+00 -0.165026E-04
 0.253404E+00  0.253314E+00 -0.384166E-04  0.200277E+00  0.200129E+00 -0.665237E-04
 0.135666E+00  0.135491E+00 -0.854574E-04  0.758974E-01  0.757496E-01 -0.783844E-04
 0.341494E-01  0.340608E-01 -0.486757E-04  0.121169E-01  0.120779E-01 -0.187359E-04
 0.330675E-02  0.329333E-02 -0.352350E-05  0.660403E-03  0.656584E-03  0.298900E-06
 0.853902E-04  0.844841E-04  0.387809E-06  0.477753E-05  0.460381E-05  0.122798E-06
 0.295748E-07  0.378614E-08  0.232433E-07  0.176585E-06  0.173710E-06  0.290033E-08
 0.513046E-07  0.510540E-07  0.245927E-09  0.329710E-08  0.327607E-08  0.167156E-10
 0.164064E-10  0.145115E-10  0.128780E-11  0.947685E-10  0.946258E-10  0.103143E-12
 0.226075E-10  0.225985E-10  0.798264E-14  0.303913E-11  0.303841E-11  0.842586E-15
 0.434125E-12  0.434022E-12  0.136841E-15  0.111162E-12  0.111132E-12  0.415049E-16
 0.138761E-13  0.138701E-13  0.810445E-17  0.535836E-17  0.530559E-17  0.408822E-19
 0.462213E-20  0.105888E-20  0.408840E-20  0.309938E-20  0.309656E-20  0.396076E-23
 0.159483E-26  0.389697E-27  0.279621E-28  0.330843E-27  0.329516E-27  0.125325E-29
 0.217288E+00  0.217288E+00 -0.362904E-07  0.216585E+00  0.216582E+00 -0.101471E-05
 0.212875E+00  0.212861E+00 -0.613049E-05  0.202129E+00  0.202080E+00 -0.205307E-04
 0.179812E+00  0.179701E+00 -0.482918E-04  0.144085E+00  0.143899E+00 -0.852949E-04
 0.996970E-01  0.994675E-01 -0.112884E-03  0.573566E-01  0.571532E-01 -0.107940E-03
 0.266541E-01  0.265249E-01 -0.703750E-04  0.976720E-02  0.970712E-02 -0.283712E-04
 0.274197E-02  0.272036E-02 -0.547256E-05  0.559886E-03  0.553554E-03  0.546751E-06
 0.736764E-04  0.721482E-04  0.664937E-06  0.423294E-05  0.393706E-05  0.210907E-06
 0.422282E-07 -0.195776E-08  0.400047E-07  0.156237E-06  0.151293E-06  0.499527E-08
 0.450823E-07  0.446511E-07  0.423049E-09  0.290710E-08  0.287102E-08  0.286539E-10
 0.152816E-10  0.120402E-10  0.220141E-11  0.827086E-10  0.824649E-10  0.176124E-12
 0.197244E-10  0.197091E-10  0.136228E-13  0.265014E-11  0.264890E-11  0.144021E-14
 0.378400E-12  0.378225E-12  0.234172E-15  0.968477E-13  0.967959E-13  0.710131E-16
 0.120749E-13  0.120646E-13  0.138750E-16  0.457922E-17  0.448896E-17  0.698447E-19
 0.606507E-20 -0.551409E-22  0.702834E-20  0.271905E-20  0.271419E-20  0.683652E-23
 0.220020E-26  0.130983E-27  0.571266E-28  0.290790E-27  0.288513E-27  0.215558E-29
 0.153861E+00  0.153861E+00 -0.394798E-07  0.153397E+00  0.153395E+00 -0.110410E-05
 0.150944E+00  0.150928E+00 -0.668568E-05  0.143817E+00  0.143764E+00 -0.225590E-04
 0.128896E+00  0.128774E+00 -0.537448E-04  0.104704E+00  0.104495E+00 -0.967150E-04
 0.740018E-01  0.737358E-01 -0.131719E-03  0.438072E-01  0.435591E-01 -0.131434E-03
 0.210581E-01  0.208908E-01 -0.900753E-04  0.798986E-02  0.790726E-02 -0.382055E-04
 0.231446E-02  0.228329E-02 -0.759858E-05  0.484679E-03  0.475247E-03  0.882513E-06
 0.651283E-04  0.628085E-04  0.102299E-05  0.387723E-05  0.342325E-05  0.325787E-06
 0.594503E-07 -0.877426E-08  0.619848E-07  0.142242E-06  0.134580E-06  0.774928E-08
 0.406137E-07  0.399446E-07  0.655837E-09  0.262982E-08  0.257399E-08  0.442885E-10
 0.150175E-10  0.100172E-10  0.339311E-11  0.738736E-10  0.734982E-10  0.271131E-12
 0.176057E-10  0.175822E-10  0.209572E-13  0.236400E-11  0.236209E-11  0.221860E-14
 0.337385E-12  0.337114E-12  0.361094E-15  0.863061E-13  0.862263E-13  0.109478E-15
 0.107469E-13  0.107310E-13  0.214066E-16  0.400617E-17  0.386695E-17  0.107579E-18
 0.824417E-20 -0.123628E-20  0.108965E-19  0.244235E-20  0.243480E-20  0.106263E-22
 0.304740E-26 -0.156629E-27  0.101293E-27  0.261969E-27  0.258443E-27  0.334425E-29
 0.100565E+00  0.100565E+00 -0.394650E-07  0.100289E+00  0.100287E+00 -0.110392E-05
 0.988244E-01  0.988090E-01 -0.669538E-05  0.945465E-01  0.944947E-01 -0.227215E-04
 0.855134E-01  0.853915E-01 -0.547856E-04  0.706228E-01  0.704079E-01 -0.100730E-03
 0.512251E-01  0.509389E-01 -0.142163E-03  0.314373E-01  0.311533E-01 -0.149326E-03
 0.157888E-01  0.155821E-01 -0.109131E-03  0.627903E-02  0.616853E-02 -0.495643E-04
 0.190029E-02  0.185572E-02 -0.103306E-04  0.412695E-03  0.398584E-03  0.142858E-05
 0.572367E-04  0.536727E-04  0.159063E-05  0.361317E-05  0.290532E-05  0.510915E-06
 0.880344E-07 -0.192480E-07  0.977336E-07  0.130579E-06  0.118470E-06  0.122478E-07
 0.365682E-07  0.355088E-07  0.103652E-08  0.238301E-08  0.229484E-08  0.697966E-10
 0.156757E-10  0.781263E-11  0.532915E-11  0.656070E-10  0.650180E-10  0.425085E-12
 0.156129E-10  0.155761E-10  0.328258E-13  0.209442E-11  0.209144E-11  0.347943E-14
 0.298715E-12  0.298290E-12  0.566830E-15  0.763612E-13  0.762359E-13  0.171797E-15
 0.949233E-14  0.946736E-14  0.336295E-16  0.347451E-17  0.325562E-17  0.168787E-18
 0.120963E-19 -0.289098E-20  0.172433E-19  0.218578E-20  0.217382E-20  0.168279E-22
 0.448471E-26 -0.577455E-27  0.181701E-27  0.235748E-27  0.230175E-27  0.529826E-29
 0.512134E-01  0.512133E-01 -0.333522E-07  0.510911E-01  0.510890E-01 -0.933394E-06
 0.504458E-01  0.504330E-01 -0.566737E-05  0.485492E-01  0.485059E-01 -0.192912E-04
 0.445024E-01  0.443987E-01 -0.470703E-04  0.376787E-01  0.374885E-01 -0.892277E-04
 0.284401E-01  0.281692E-01 -0.132939E-03  0.184719E-01  0.181766E-01 -0.150807E-03
 0.997034E-02  0.972765E-02 -0.122251E-03  0.430377E-02  0.415551E-02 -0.624150E-04
 0.141224E-02  0.134483E-02 -0.142839E-04  0.329132E-03  0.305918E-03  0.255403E-05
 0.487162E-04  0.425533E-04  0.277085E-05  0.349135E-05  0.223344E-05  0.910142E-06
 0.152065E-06 -0.415049E-07  0.176328E-06  0.121130E-06  0.990830E-07  0.222336E-07
 0.323529E-07  0.304153E-07  0.188565E-08  0.213682E-08  0.197605E-08  0.126692E-09
 0.188288E-10  0.459333E-11  0.962408E-11  0.562975E-10  0.552357E-10  0.765105E-12
 0.133403E-10  0.132741E-10  0.589756E-13  0.178604E-11  0.178067E-11  0.625597E-14
 0.254417E-12  0.253654E-12  0.101978E-14  0.649593E-13  0.647342E-13  0.308894E-15
 0.805150E-14  0.800650E-14  0.605988E-16  0.290630E-17  0.251026E-17  0.304170E-18
 0.212669E-19 -0.609792E-20  0.315303E-19  0.190110E-20  0.187936E-20  0.306006E-22
 0.783421E-26 -0.139746E-26  0.375337E-27  0.208069E-27  0.197881E-27  0.971311E-29
 0.265012E-01  0.265011E-01 -0.242195E-07  0.264462E-01  0.264447E-01 -0.678162E-06
 0.261545E-01  0.261450E-01 -0.412909E-05  0.252952E-01  0.252629E-01 -0.141516E-04
 0.234494E-01  0.233706E-01 -0.349901E-04  0.202913E-01  0.201421E-01 -0.679942E-04
 0.158773E-01  0.156531E-01 -0.105723E-03  0.108654E-01  0.105998E-01 -0.128391E-03
 0.629260E-02  0.604874E-02 -0.114492E-03  0.296020E-02  0.279022E-02 -0.658118E-04
 0.106527E-02  0.977311E-03 -0.168017E-04  0.270545E-03  0.237116E-03  0.383063E-05
 0.435238E-04  0.341025E-04  0.420379E-05  0.365013E-05  0.166473E-05  0.142723E-05
 0.239689E-06 -0.711086E-07  0.281467E-06  0.119986E-06  0.842204E-07  0.358162E-07
 0.299858E-07  0.268238E-07  0.305255E-08  0.201547E-08  0.175350E-08  0.205254E-09
 0.245132E-10  0.148178E-11  0.155227E-10  0.500090E-10  0.482995E-10  0.122916E-11
 0.117633E-10  0.116570E-10  0.945388E-13  0.157080E-11  0.156221E-11  0.100187E-13
 0.223435E-12  0.222212E-12  0.163222E-14  0.569785E-13  0.566183E-13  0.494079E-15
 0.704173E-14  0.696954E-14  0.971816E-16  0.259243E-17  0.195228E-17  0.489261E-18
 0.345897E-19 -0.100487E-19  0.514955E-19  0.171282E-20  0.167778E-20  0.492669E-22
 0.126312E-25 -0.240488E-26  0.639019E-27  0.191720E-27  0.175051E-27  0.159194E-28
 0.125194E-01  0.125194E-01 -0.147269E-07  0.124971E-01  0.124961E-01 -0.412572E-06
 0.123809E-01  0.123747E-01 -0.252059E-05  0.120369E-01  0.120156E-01 -0.871610E-05
 0.112890E-01  0.112362E-01 -0.218963E-04  0.998324E-02  0.987995E-02 -0.436405E-04
 0.809873E-02  0.793522E-02 -0.706628E-04  0.585313E-02  0.564336E-02 -0.916764E-04
 0.365868E-02  0.344345E-02 -0.899845E-04  0.190206E-02  0.172939E-02 -0.587843E-04
 0.770628E-03  0.666473E-03 -0.170679E-04  0.220865E-03  0.175686E-03  0.526530E-05
 0.400958E-04  0.262283E-04  0.603168E-05  0.411256E-05  0.105518E-05  0.215791E-05
 0.373923E-06 -0.115800E-06  0.437363E-06  0.126851E-06  0.697413E-07  0.564465E-07
 0.288110E-07  0.237185E-07  0.485402E-08  0.198642E-08  0.156458E-08  0.327792E-09
 0.345622E-10 -0.220841E-11  0.246760E-10  0.449654E-10  0.422541E-10  0.194347E-11
 0.104345E-10  0.102666E-10  0.149018E-12  0.138784E-11  0.137433E-11  0.157418E-13
 0.197029E-12  0.195110E-12  0.255930E-14  0.501739E-13  0.496092E-13  0.774100E-15
 0.618191E-14  0.606829E-14  0.152785E-15  0.248123E-17  0.146079E-17  0.774628E-18
 0.562923E-19 -0.156386E-19  0.830702E-19  0.156549E-20  0.151041E-20  0.773201E-22
 0.204853E-25 -0.369473E-26  0.997523E-27  0.182280E-27  0.155262E-27  0.258125E-28
 0.422110E-02  0.422108E-02 -0.607660E-08  0.421537E-02  0.421486E-02 -0.170313E-06
 0.418518E-02  0.418208E-02 -0.104215E-05  0.409521E-02  0.408448E-02 -0.362522E-05
 0.389632E-02  0.386914E-02 -0.926105E-05  0.353769E-02  0.348255E-02 -0.190302E-04
 0.299897E-02  0.290643E-02 -0.322760E-04  0.232099E-02  0.219140E-02 -0.448903E-04
 0.160273E-02  0.145181E-02 -0.490690E-04  0.958740E-03  0.814944E-03 -0.373081E-04
 0.467923E-03  0.360577E-03 -0.124955E-04  0.166647E-03  0.108658E-03  0.691183E-05
 0.379360E-04  0.169244E-04  0.859564E-05  0.524407E-05  0.171622E-06  0.342102E-05
 0.643665E-06 -0.204566E-06  0.732657E-06  0.151749E-06  0.505577E-07  0.972156E-07
 0.295025E-07  0.203460E-07  0.851433E-08  0.212914E-08  0.136975E-08  0.581379E-09
 0.574461E-10 -0.782895E-11  0.434666E-10  0.402867E-10  0.355292E-10  0.339050E-11
 0.904846E-11  0.875590E-11  0.258486E-12  0.119359E-11  0.117026E-11  0.270866E-13
 0.168881E-12  0.165589E-12  0.438024E-14  0.429292E-13  0.419619E-13  0.132350E-14
 0.527428E-14  0.507842E-14  0.262708E-15  0.280157E-17  0.995545E-18  0.135397E-17
 0.103697E-18 -0.258143E-19  0.149773E-18  0.143283E-20  0.133888E-20  0.131388E-21
 0.378836E-25 -0.550935E-26  0.148948E-26  0.182213E-27  0.132954E-27  0.469577E-28
 0.121690E-02  0.121690E-02 -0.194066E-08  0.121566E-02  0.121544E-02 -0.543949E-07
 0.120910E-02  0.120774E-02 -0.333126E-06  0.118945E-02  0.118470E-02 -0.116191E-05
 0.114568E-02  0.113353E-02 -0.297926E-05  0.106549E-02  0.104024E-02 -0.617266E-05
 0.940923E-03  0.896684E-03 -0.107117E-04  0.775984E-03  0.709619E-03 -0.155799E-04
 0.589529E-03  0.504183E-03 -0.181695E-04  0.405820E-03  0.312285E-03 -0.149053E-04
 0.243545E-03  0.158308E-03 -0.436297E-05  0.115192E-03  0.555422E-04  0.783174E-05
 0.363481E-04  0.848615E-05  0.105137E-04  0.704658E-05 -0.881547E-06  0.497793E-05
 0.108145E-05 -0.346680E-06  0.116908E-05  0.204790E-06  0.286210E-07  0.161981E-06
 0.337982E-07  0.175734E-07  0.145599E-07  0.258336E-08  0.123856E-08  0.100921E-08
 0.995081E-10 -0.138005E-10  0.746308E-10  0.376018E-10  0.294813E-10  0.573724E-11
 0.793855E-11  0.744468E-11  0.433749E-12  0.103238E-11  0.993545E-12  0.448838E-13
 0.145407E-12  0.139974E-12  0.719855E-14  0.369238E-13  0.353300E-13  0.217360E-14
 0.454530E-14  0.421993E-14  0.434501E-15  0.404321E-17  0.923028E-18  0.229586E-17
 0.189377E-18 -0.396111E-19  0.265045E-18  0.135735E-20  0.120444E-20  0.212458E-21
 0.703243E-25 -0.624768E-26  0.174931E-26  0.200858E-27  0.111835E-27  0.842828E-28
 0.364743E-03  0.364740E-03 -0.604507E-09  0.364470E-03  0.364372E-03 -0.169418E-07
 0.362995E-03  0.362394E-03 -0.103693E-06  0.358509E-03  0.356405E-03 -0.361140E-06
 0.348438E-03  0.343002E-03 -0.924562E-06  0.329900E-03  0.318418E-03 -0.191409E-05
 0.300782E-03  0.280079E-03 -0.331657E-05  0.261307E-03  0.228863E-03 -0.480402E-05
 0.214405E-03  0.169958E-03 -0.551710E-05  0.165036E-03  0.111784E-03 -0.408433E-05
 0.117030E-03  0.616714E-04  0.608203E-06  0.714184E-04  0.237670E-04  0.739228E-05
 0.320290E-04  0.253358E-05  0.105411E-04  0.884658E-05 -0.187084E-05  0.625520E-05
 0.165442E-05 -0.528843E-06  0.168425E-05  0.287962E-06  0.603833E-08  0.246950E-06
 0.422907E-07  0.159051E-07  0.228045E-07  0.339575E-08  0.122459E-08  0.159695E-08
 0.161664E-09 -0.166083E-10  0.115983E-09  0.371179E-10  0.246038E-10  0.874772E-11
 0.717047E-11  0.641987E-11  0.654689E-12  0.914182E-12  0.856011E-12  0.668565E-13
 0.128163E-12  0.120095E-12  0.106352E-13  0.325840E-13  0.302182E-13  0.321231E-14
 0.406006E-14  0.357312E-14  0.646557E-15  0.648203E-17  0.159997E-17  0.351016E-17
 0.315558E-18 -0.526167E-19  0.426445E-18  0.133908E-20  0.111400E-20  0.310325E-21
 0.120638E-24 -0.276731E-26  0.164406E-26  0.240236E-27  0.931417E-28  0.137719E-27
 0.716688E-04  0.716676E-04 -0.145550E-09  0.716343E-04  0.716018E-04 -0.407900E-08
 0.714600E-04  0.712605E-04 -0.249481E-07  0.709204E-04  0.702207E-04 -0.866580E-07
 0.697104E-04  0.678876E-04 -0.220858E-06  0.674830E-04  0.635728E-04 -0.452682E-06
 0.639773E-04  0.567438E-04 -0.763714E-06  0.591443E-04  0.473637E-04 -0.103536E-05
 0.532109E-04  0.361739E-04 -0.998701E-06  0.464736E-04  0.244958E-04 -0.232956E-06
 0.391078E-04  0.137113E-04  0.170568E-05  0.307876E-04  0.471489E-05  0.484688E-05
 0.206375E-04 -0.142734E-05  0.771858E-05  0.961662E-05 -0.265462E-05  0.665798E-05
 0.258668E-05 -0.810700E-06  0.244115E-05  0.464221E-06 -0.259159E-07  0.404539E-06
 0.627661E-07  0.158678E-07  0.387657E-07  0.526095E-08  0.149746E-08  0.270755E-08
 0.287287E-09 -0.708820E-11  0.188248E-09  0.391539E-10  0.192287E-10  0.136840E-10
 0.644861E-11  0.528212E-11  0.100633E-11  0.792866E-12  0.704117E-12  0.101175E-12
 0.110681E-12  0.984623E-13  0.159698E-13  0.283774E-13  0.247871E-13  0.483623E-14
 0.369153E-14  0.294470E-14  0.981548E-15  0.123999E-16  0.440996E-17  0.552347E-17
 0.569761E-18 -0.603057E-19  0.730434E-18  0.138121E-20  0.103567E-20  0.471640E-21
 0.231885E-24  0.176026E-25  0.272709E-26  0.333644E-27  0.693757E-28  0.242212E-27
 0.235232E-04  0.235227E-04 -0.707067E-10  0.235163E-04  0.235007E-04 -0.198157E-08
 0.234893E-04  0.233936E-04 -0.121255E-07  0.234010E-04  0.230648E-04 -0.421400E-07
 0.232060E-04  0.223270E-04 -0.107093E-06  0.228541E-04  0.209560E-04 -0.217773E-06
 0.223098E-04  0.187575E-04 -0.363709E-06  0.215683E-04  0.156778E-04 -0.482832E-06
 0.206631E-04  0.119313E-04 -0.428715E-06  0.195364E-04  0.790261E-05  0.231548E-07
 0.180573E-04  0.402857E-05  0.112084E-05  0.160221E-04  0.635484E-06  0.299217E-05
 0.130300E-04 -0.192517E-05  0.518611E-05  0.828560E-05 -0.250976E-05  0.566819E-05
 0.309636E-05 -0.944327E-06  0.280894E-05  0.630935E-06 -0.461727E-07  0.543497E-06
 0.842191E-07  0.180166E-07  0.536585E-07  0.716041E-08  0.198601E-08  0.369449E-08
 0.403630E-09  0.158846E-10  0.245510E-09  0.418843E-10  0.164497E-10  0.172289E-10
 0.608919E-11  0.463086E-11  0.124749E-11  0.727186E-12  0.617399E-12  0.124465E-12
 0.101580E-12  0.864709E-13  0.196164E-13  0.263834E-13  0.219259E-13  0.596099E-14
 0.361431E-14  0.268074E-14  0.121584E-14  0.184603E-16  0.801290E-17  0.699662E-17
 0.810520E-18 -0.332534E-19  0.966019E-18  0.144562E-20  0.100585E-20  0.593392E-21
 0.345766E-24  0.501122E-25  0.664609E-26  0.427442E-27  0.549525E-28  0.335137E-27
 0.694276E-05  0.694251E-05 -0.381920E-10  0.694363E-05  0.693658E-05 -0.107030E-08
 0.694636E-05  0.690308E-05 -0.654711E-08  0.695319E-05  0.680095E-05 -0.227464E-07
 0.697129E-05  0.657230E-05 -0.578744E-07  0.701145E-05  0.614529E-05 -0.118373E-06
 0.709346E-05  0.545727E-05 -0.200035E-06  0.723610E-05  0.448349E-05 -0.273154E-06
 0.743381E-05  0.326781E-05 -0.265690E-06  0.763659E-05  0.193468E-05 -0.587059E-07
 0.772622E-05  0.620329E-06  0.490693E-06  0.756309E-05 -0.583352E-06  0.149037E-05
 0.703469E-05 -0.155737E-05  0.286644E-05  0.580755E-05 -0.187441E-05  0.390900E-05
 0.322656E-05 -0.938658E-06  0.281888E-05  0.842277E-06 -0.615884E-07  0.712943E-06
 0.116946E-06  0.233328E-07  0.752513E-07  0.100153E-07  0.295248E-08  0.505224E-08
 0.565667E-09  0.659443E-10  0.314243E-09  0.457913E-10  0.143692E-10  0.209401E-10
 0.575280E-11  0.400178E-11  0.148264E-11  0.663931E-12  0.533341E-12  0.147149E-12
 0.934022E-13  0.753248E-13  0.232588E-13  0.248442E-13  0.194728E-13  0.710649E-14
 0.368388E-14  0.255016E-14  0.145718E-14  0.272458E-16  0.139148E-16  0.857730E-17
 0.115047E-17  0.517046E-19  0.122703E-17  0.155394E-20  0.984160E-21  0.769173E-21
 0.519679E-24  0.114231E-24  0.177894E-25  0.564747E-27  0.424830E-28  0.458803E-27
 0.211389E-05  0.211377E-05 -0.233720E-10  0.211514E-05  0.211165E-05 -0.655049E-09
 0.212176E-05  0.210028E-05 -0.400788E-08  0.214177E-05  0.206618E-05 -0.139352E-07
 0.218699E-05  0.198857E-05 -0.355813E-07  0.227548E-05  0.184326E-05 -0.734389E-07
 0.242834E-05  0.160682E-05 -0.126348E-06  0.266152E-05  0.126579E-05 -0.179486E-06
 0.297028E-05  0.826479E-06 -0.195326E-06  0.332077E-05  0.329123E-06 -0.107386E-06
 0.363810E-05 -0.177192E-06  0.170839E-06  0.383887E-05 -0.656911E-06  0.716184E-06
 0.389018E-05 -0.106332E-05  0.154373E-05  0.376274E-05 -0.124348E-05  0.244658E-05
 0.280345E-05 -0.765079E-06  0.235576E-05  0.101093E-05 -0.623333E-07  0.840913E-06
 0.155520E-06  0.314083E-07  0.100196E-06  0.134012E-07  0.432887E-08  0.656980E-08
 0.744735E-09  0.140725E-09  0.379648E-09  0.498487E-10  0.135715E-10  0.238145E-10
 0.547196E-11  0.351388E-11  0.164172E-11  0.612618E-12  0.467471E-12  0.162652E-12
 0.874384E-13  0.670938E-13  0.259014E-13  0.239961E-13  0.178946E-13  0.796528E-14
 0.388148E-14  0.258370E-14  0.164169E-14  0.369136E-16  0.209826E-16  0.984127E-17
 0.150692E-17  0.173349E-18  0.145211E-17  0.169796E-20  0.968841E-21  0.998607E-21
 0.728998E-24  0.207039E-24  0.376889E-25  0.721094E-27  0.366637E-28  0.586951E-27
 0.161220E-06  0.161186E-06 -0.940604E-11  0.161804E-06  0.160855E-06 -0.263698E-09
 0.165002E-06  0.159171E-06 -0.161601E-08  0.174459E-06  0.153917E-06 -0.564403E-08
 0.196086E-06  0.142057E-06 -0.145418E-07  0.237802E-06  0.119658E-06 -0.305129E-07
 0.308785E-06  0.826204E-07 -0.542445E-07  0.416662E-06  0.275204E-07 -0.823378E-07
 0.563384E-06 -0.462492E-07 -0.104051E-06  0.739476E-06 -0.135135E-06 -0.988420E-07
 0.923287E-06 -0.230524E-06 -0.362647E-07  0.108863E-05 -0.321648E-06  0.117434E-06
 0.122691E-05 -0.397358E-06  0.385216E-06  0.135753E-05 -0.424936E-06  0.753261E-06
 0.146698E-05 -0.320981E-06  0.110064E-05  0.102274E-05 -0.235714E-07  0.803791E-06
 0.245635E-06  0.552978E-07  0.157791E-06  0.227377E-07  0.878056E-08  0.106309E-07
 0.119830E-08  0.392129E-09  0.517640E-09  0.585863E-10  0.153602E-10  0.276180E-10
 0.489882E-11  0.275579E-11  0.176030E-11  0.520367E-12  0.362042E-12  0.175274E-12
 0.787822E-13  0.554241E-13  0.287772E-13  0.235816E-13  0.163775E-13  0.900942E-14
 0.459294E-14  0.303221E-14  0.188104E-14  0.591536E-16  0.385354E-16  0.116167E-16
 0.226121E-17  0.489965E-18  0.184033E-17  0.212160E-20  0.100102E-20  0.140507E-20
 0.131636E-23  0.517005E-24  0.118533E-24  0.112869E-26  0.481917E-28  0.878151E-27
 0.408470E-08  0.407280E-08 -0.435753E-11  0.432415E-08  0.399057E-08 -0.122174E-09
 0.559773E-08  0.354798E-08 -0.749093E-09  0.944080E-08  0.221695E-08 -0.262086E-08
 0.181930E-07 -0.819705E-09 -0.678103E-08  0.350024E-07 -0.662787E-08 -0.143527E-07
 0.634968E-07 -0.164263E-07 -0.259425E-07  0.107026E-06 -0.313158E-07 -0.406247E-07
 0.167298E-06 -0.518001E-07 -0.546312E-07  0.242618E-06 -0.772054E-07 -0.602620E-07
 0.326535E-06 -0.105116E-06 -0.455073E-07  0.409709E-06 -0.131463E-06  0.454617E-08
 0.487713E-06 -0.150607E-06  0.102587E-06  0.571075E-06 -0.151252E-06  0.252586E-06
 0.683596E-06 -0.107823E-06  0.437282E-06  0.691608E-06  0.171930E-07  0.495271E-06
 0.296042E-06  0.738112E-07  0.187203E-06  0.336131E-07  0.145069E-07  0.154221E-07
 0.171353E-08  0.737837E-09  0.655513E-09  0.665420E-10  0.204363E-10  0.289895E-10
 0.434652E-11  0.228478E-11  0.166340E-11  0.446952E-12  0.292828E-12  0.168115E-12
 0.739417E-13  0.492260E-13  0.289560E-13  0.242696E-13  0.163607E-13  0.927417E-14
 0.545282E-14  0.370595E-14  0.196743E-14  0.789267E-16  0.549296E-16  0.123231E-16
 0.290324E-17  0.782028E-18  0.215683E-17  0.363750E-20  0.707102E-21  0.346973E-20
 0.203819E-23  0.948514E-24  0.249085E-24  0.159307E-26  0.903083E-28  0.116208E-26
 0.399711E-08  0.399247E-08 -0.213486E-11  0.408832E-08  0.395805E-08 -0.598579E-10
 0.457843E-08  0.377803E-08 -0.367048E-09  0.605712E-08  0.323707E-08 -0.128488E-08
 0.943640E-08  0.201704E-08 -0.333113E-08  0.159381E-07 -0.302768E-09 -0.708547E-08
 0.269989E-07 -0.418486E-08 -0.129262E-07  0.440360E-07 -0.100312E-07 -0.205859E-07
 0.681012E-07 -0.179968E-07 -0.286140E-07  0.992843E-07 -0.277808E-07 -0.338519E-07
 0.136031E-06 -0.383342E-07 -0.312998E-07  0.175308E-06 -0.477830E-07 -0.144743E-07
 0.214533E-06 -0.534312E-07  0.228525E-07  0.257932E-06 -0.505858E-07  0.842081E-07
 0.313102E-06 -0.274509E-07  0.162580E-06  0.387335E-06  0.291512E-07  0.245463E-06
 0.264518E-06  0.725563E-07  0.159493E-06  0.452359E-07  0.209677E-07  0.206879E-07
 0.234478E-08  0.119928E-08  0.821407E-09  0.745982E-10  0.281181E-10  0.290983E-10
 0.375611E-11  0.194037E-11  0.144112E-11  0.380471E-12  0.239542E-12  0.150029E-12
 0.710428E-13  0.453375E-13  0.278045E-13  0.255850E-13  0.169608E-13  0.918449E-14
 0.639454E-14  0.445168E-14  0.198926E-14  0.959396E-16  0.691564E-16  0.123835E-16
 0.346118E-17  0.100373E-17  0.252648E-17  0.532449E-20  0.253669E-21  0.613713E-20
 0.295899E-23  0.153421E-23  0.444906E-24  0.215522E-26  0.162929E-27  0.146542E-26
 0.871488E-08  0.871304E-08 -0.101623E-11  0.874956E-08  0.869785E-08 -0.284935E-10
 0.893537E-08  0.861766E-08 -0.174739E-09  0.949742E-08  0.837864E-08 -0.611874E-09
 0.107833E-07  0.784321E-08 -0.158743E-08  0.132558E-07  0.683195E-08 -0.338113E-08
 0.174581E-07  0.515318E-08 -0.618658E-08  0.239475E-07  0.264454E-08 -0.991781E-08
 0.332217E-07 -0.763174E-09 -0.139844E-07  0.455761E-07 -0.494809E-08 -0.170849E-07
 0.609179E-07 -0.942387E-08 -0.171608E-07  0.784886E-07 -0.133103E-07 -0.115877E-07
 0.972691E-07 -0.153109E-07  0.232460E-08  0.118061E-06 -0.132941E-07  0.262614E-07
 0.144669E-06 -0.262126E-08  0.593924E-07  0.184180E-06  0.232353E-07  0.985097E-07
 0.178092E-06  0.543584E-07  0.982251E-07  0.529050E-07  0.256748E-07  0.239982E-07
 0.314385E-08  0.181245E-08  0.103697E-08  0.836932E-10  0.387676E-10  0.285091E-10
 0.308838E-11  0.164711E-11  0.112564E-11  0.316820E-12  0.193353E-12  0.125049E-12
 0.696571E-13  0.422695E-13  0.260754E-13  0.274622E-13  0.177398E-13  0.898921E-14
 0.740681E-14  0.517867E-14  0.199883E-14  0.109853E-15  0.804080E-16  0.119502E-16
 0.392687E-17  0.114921E-17  0.291544E-17  0.671403E-20 -0.226088E-22  0.835294E-20
 0.420771E-23  0.234611E-23  0.756559E-24  0.291012E-26  0.274226E-27  0.183318E-26
 0.635039E-08  0.634955E-08 -0.524599E-12  0.636930E-08  0.634572E-08 -0.147088E-10
 0.646691E-08  0.632211E-08 -0.902086E-10  0.676359E-08  0.625405E-08 -0.315907E-09
 0.743432E-08  0.609756E-08 -0.819420E-09  0.870095E-08  0.579012E-08 -0.174383E-08
 0.107995E-07  0.525091E-08 -0.318737E-08  0.139479E-07  0.438832E-08 -0.510880E-08
 0.183151E-07  0.310906E-08 -0.721871E-08  0.240432E-07  0.140491E-08 -0.890293E-08
 0.312350E-07 -0.536633E-09 -0.921846E-08  0.397303E-07 -0.229811E-08 -0.703436E-08
 0.492420E-07 -0.315998E-08 -0.122448E-08  0.596211E-07 -0.205787E-08  0.890693E-08
 0.728927E-07  0.289235E-08  0.238157E-07  0.888167E-07  0.152221E-07  0.391190E-07
 0.105484E-06  0.350198E-07  0.524283E-07  0.489639E-07  0.244714E-07  0.215483E-07
 0.395242E-08  0.245746E-08  0.126212E-08  0.928275E-10  0.507315E-10  0.276435E-10
 0.245001E-11  0.140448E-11  0.799470E-12  0.267217E-12  0.157248E-12  0.101553E-12
 0.700178E-13  0.395602E-13  0.247609E-13  0.295690E-13  0.182288E-13  0.893880E-14
 0.830277E-14  0.568405E-14  0.203631E-14  0.118613E-15  0.867072E-16  0.112043E-16
 0.426584E-17  0.125883E-17  0.316977E-17  0.898123E-20 -0.369724E-21  0.116587E-19
 0.567121E-23  0.329319E-23  0.118531E-23  0.381769E-26  0.411168E-27  0.223700E-26
 0.458403E-08  0.458348E-08 -0.360968E-12  0.459833E-08  0.458292E-08 -0.101208E-10
 0.467249E-08  0.457789E-08 -0.620678E-10  0.489718E-08  0.456447E-08 -0.217324E-09
 0.540067E-08  0.452906E-08 -0.563397E-09  0.634231E-08  0.444938E-08 -0.119750E-08
 0.787475E-08  0.428065E-08 -0.218427E-08  0.101186E-07  0.395350E-08 -0.349127E-08
 0.131423E-07  0.337029E-08 -0.491670E-08  0.170079E-07  0.247398E-08 -0.604819E-08
 0.218031E-07  0.134258E-08 -0.627553E-08  0.274932E-07  0.235303E-09 -0.490367E-08
 0.339752E-07 -0.340384E-09 -0.128621E-08  0.410358E-07  0.345791E-09  0.497315E-08
 0.498460E-07  0.349750E-08  0.142579E-07  0.597417E-07  0.115075E-07  0.235931E-07
 0.746474E-07  0.256677E-07  0.347571E-07  0.425465E-07  0.215928E-07  0.181785E-07
 0.435805E-08  0.279456E-08  0.137284E-08  0.980231E-10  0.581114E-10  0.269334E-10
 0.209471E-11  0.126995E-11  0.612690E-12  0.245372E-12  0.139467E-12  0.898645E-13
 0.710719E-13  0.379013E-13  0.243804E-13  0.309198E-13  0.183112E-13  0.903324E-14
 0.878130E-14  0.587075E-14  0.208091E-14  0.122127E-15  0.887199E-16  0.106640E-16
 0.444121E-17  0.133021E-17  0.326872E-17  0.109240E-19 -0.685432E-21  0.144148E-19
 0.665337E-23  0.392399E-23  0.149928E-23  0.442917E-26  0.502093E-27  0.249287E-26
