   1.0000000000000000E-002   3.6990000000000000E-003   47.692479610190418     
   1.0000000000000000E-002   1.9593099999999999E-002   47.498566315207320     
   1.0000000000000000E-002   4.8614400000000002E-002   46.479423391496098     
   1.0000000000000000E-002   9.1521099999999994E-002   43.553162845667863     
   1.0000000000000000E-002  0.14944800000000000        37.631840717077147     
   1.0000000000000000E-002  0.22396500000000000        28.627235040233447     
   1.0000000000000000E-002  0.31716100000000003        18.322042810525684     
   1.0000000000000000E-002  0.43174499999999999        9.5399707444322051     
   1.0000000000000000E-002  0.57118599999999997        3.9724677628301435     
   1.0000000000000000E-002  0.73989799999999994        1.3120827283083136     
   1.0000000000000000E-002  0.94346200000000002       0.33836715611290902     
   1.0000000000000000E-002   1.1889000000000001        6.5106877175032010E-002
   1.0000000000000000E-002   1.4850200000000000        8.2986454521251050E-003
   1.0000000000000000E-002   1.8426800000000001        4.9928351995687551E-004
   1.0000000000000000E-002   2.2751100000000002        2.3064226280926984E-005
   1.0000000000000000E-002   2.7977699999999999        2.3557791558878500E-005
   1.0000000000000000E-002   3.4276200000000001        6.2064685998931004E-006
   1.0000000000000000E-002   4.1807499999999997        4.1489788836727000E-007
   1.0000000000000000E-002   5.0670400000000004        1.5265566142422749E-009
   1.0000000000000000E-002   6.0801100000000003        1.0294433958778201E-008
   1.0000000000000000E-002   7.1812800000000001        2.4626613541453001E-009
   1.0000000000000000E-002   8.2809200000000001        3.1048030500179003E-010
   1.0000000000000000E-002   9.2300000000000004        4.1614341672580605E-011
   1.0000000000000000E-002   9.8451900000000006        1.0481363849355631E-011
   1.0000000000000000E-002   10.675300000000000        1.3308436965358150E-012
   1.0000000000000000E-002   13.387900000000000        7.8613815289355504E-016
   1.0000000000000000E-002   17.613800000000001        6.9947734038285960E-017
   1.0000000000000000E-002   22.386199999999999        4.6891320922022497E-019
   1.0000000000000000E-002   26.612100000000002        2.5399214890782763E-022
   1.0000000000000000E-002   29.324700000000000        6.3304363610345551E-025
   2.9999999999999999E-002   3.6990000000000000E-003   70.570577148375151     
   2.9999999999999999E-002   1.9593099999999999E-002   70.284640382225504     
   2.9999999999999999E-002   4.8614400000000002E-002   68.782507923968311     
   2.9999999999999999E-002   9.1521099999999994E-002   64.468711619277343     
   2.9999999999999999E-002  0.14944800000000000        55.735222460267735     
   2.9999999999999999E-002  0.22396500000000000        42.442416757412978     
   2.9999999999999999E-002  0.31716100000000003        27.204993399289094     
   2.9999999999999999E-002  0.43174499999999999        14.193640205304559     
   2.9999999999999999E-002  0.57118599999999997        5.9240195894052254     
   2.9999999999999999E-002  0.73989799999999994        1.9614422531255473     
   2.9999999999999999E-002  0.94346200000000002       0.50710290042258011     
   2.9999999999999999E-002   1.1889000000000001        9.7832927602159753E-002
   2.9999999999999999E-002   1.4850200000000000        1.2515123014182250E-002
   2.9999999999999999E-002   1.8426800000000001        7.6419143805889515E-004
   2.9999999999999999E-002   2.2751100000000002        3.9433611345409050E-005
   2.9999999999999999E-002   2.7977699999999999        3.7071537456530505E-005
   2.9999999999999999E-002   3.4276200000000001        9.6698149052119983E-006
   2.9999999999999999E-002   4.1807499999999997        6.4944970328045501E-007
   2.9999999999999999E-002   5.0670400000000004        2.3151445824988254E-009
   2.9999999999999999E-002   6.0801100000000003        1.5826359760696101E-008
   2.9999999999999999E-002   7.1812800000000001        3.7874915087409406E-009
   2.9999999999999999E-002   8.2809200000000001        4.7374752469167192E-010
   2.9999999999999999E-002   9.2300000000000004        6.2964596024137504E-011
   2.9999999999999999E-002   9.8451900000000006        1.5820509013574651E-011
   2.9999999999999999E-002   10.675300000000000        2.0125494665349152E-012
   2.9999999999999999E-002   13.387900000000000        1.2383821593116051E-015
   2.9999999999999999E-002   17.613800000000001        1.2007802560683740E-016
   2.9999999999999999E-002   22.386199999999999        7.4558053705519998E-019
   2.9999999999999999E-002   26.612100000000002        4.3618707512642684E-022
   2.9999999999999999E-002   29.324700000000000        1.0807829618920951E-024
   5.9999999999999998E-002   3.6990000000000000E-003   81.593966839993314     
   5.9999999999999998E-002   1.9593099999999999E-002   81.265417296748311     
   5.9999999999999998E-002   4.8614400000000002E-002   79.538460260655555     
   5.9999999999999998E-002   9.1521099999999994E-002   74.578940774080053     
   5.9999999999999998E-002  0.14944800000000000        64.529172628316559     
   5.9999999999999998E-002  0.22396500000000000        49.213870202185149     
   5.9999999999999998E-002  0.31716100000000003        31.616469555120837     
   5.9999999999999998E-002  0.43174499999999999        16.544281951367555     
   5.9999999999999998E-002  0.57118599999999997        6.9289293127835547     
   5.9999999999999998E-002  0.73989799999999994        2.3024680952870518     
   5.9999999999999998E-002  0.94346200000000002       0.59747602678136447     
   5.9999999999999998E-002   1.1889000000000001       0.11571567204757947     
   5.9999999999999998E-002   1.4850200000000000        1.4880472532140599E-002
   5.9999999999999998E-002   1.8426800000000001        9.2777753826642489E-004
   5.9999999999999998E-002   2.2751100000000002        5.4814219159730796E-005
   5.9999999999999998E-002   2.7977699999999999        4.6710174687368498E-005
   5.9999999999999998E-002   3.4276200000000001        1.2025613793805151E-005
   5.9999999999999998E-002   4.1807499999999997        8.1266778853414015E-007
   5.9999999999999998E-002   5.0670400000000004        2.7750744776312249E-009
   5.9999999999999998E-002   6.0801100000000003        1.9331046083618501E-008
   5.9999999999999998E-002   7.1812800000000001        4.6286612168104003E-009
   5.9999999999999998E-002   8.2809200000000001        5.7268651975765999E-010
   5.9999999999999998E-002   9.2300000000000004        7.5218813208843155E-011
   5.9999999999999998E-002   9.8451900000000006        1.8834383757570154E-011
   5.9999999999999998E-002   10.675300000000000        2.4023897790769803E-012
   5.9999999999999998E-002   13.387900000000000        1.5623112896106101E-015
   5.9999999999999998E-002   17.613800000000001        1.6761654177055980E-016
   5.9999999999999998E-002   22.386199999999999        9.5193332945942009E-019
   5.9999999999999998E-002   26.612100000000002        6.0910250645442190E-022
   5.9999999999999998E-002   29.324700000000000        1.4997493394381189E-024
   8.9999999999999997E-002   3.6990000000000000E-003   84.186341132428154     
   8.9999999999999997E-002   1.9593099999999999E-002   83.849138797909106     
   8.9999999999999997E-002   4.8614400000000002E-002   82.077368788080037     
   8.9999999999999997E-002   9.1521099999999994E-002   76.988896072369059     
   8.9999999999999997E-002  0.14944800000000000        66.669421310565156     
   8.9999999999999997E-002  0.22396500000000000        50.921647048726307     
   8.9999999999999997E-002  0.31716100000000003        32.787166561982914     
   8.9999999999999997E-002  0.43174499999999999        17.207124241735123     
   8.9999999999999997E-002  0.57118599999999997        7.2309896724338349     
   8.9999999999999997E-002  0.73989799999999994        2.4114076253990802     
   8.9999999999999997E-002  0.94346200000000002       0.62801238823311456     
   8.9999999999999997E-002   1.1889000000000001       0.12208756978235510     
   8.9999999999999997E-002   1.4850200000000000        1.5778863139039003E-002
   8.9999999999999997E-002   1.8426800000000001        1.0030972743965251E-003
   8.9999999999999997E-002   2.2751100000000002        6.6097557644618498E-005
   8.9999999999999997E-002   2.7977699999999999        5.2177811335418993E-005
   8.9999999999999997E-002   3.4276200000000001        1.3283050839989700E-005
   8.9999999999999997E-002   4.1807499999999997        9.0244666447281496E-007
   8.9999999999999997E-002   5.0670400000000004        2.9655454021747399E-009
   8.9999999999999997E-002   6.0801100000000003        2.1014758896046299E-008
   8.9999999999999997E-002   7.1812800000000001        5.0342176424886505E-009
   8.9999999999999997E-002   8.2809200000000001        6.1673386452832006E-010
   8.9999999999999997E-002   9.2300000000000004        8.0119914021377997E-011
   8.9999999999999997E-002   9.8451900000000006        1.9996630233387499E-011
   8.9999999999999997E-002   10.675300000000000        2.5571030683463650E-012
   8.9999999999999997E-002   13.387900000000000        1.7468811486341600E-015
   8.9999999999999997E-002   17.613800000000001        2.0269354670712956E-016
   8.9999999999999997E-002   22.386199999999999        1.0751926864806050E-018
   8.9999999999999997E-002   26.612100000000002        7.3676521044749977E-022
   8.9999999999999997E-002   29.324700000000000        1.8059125231743751E-024
  0.14000000000000001        3.6990000000000000E-003   82.581697270137454     
  0.14000000000000001        1.9593099999999999E-002   82.254420486384305     
  0.14000000000000001        4.8614400000000002E-002   80.532889944249050     
  0.14000000000000001        9.1521099999999994E-002   75.586176983413253     
  0.14000000000000001       0.14944800000000000        65.544548578586003     
  0.14000000000000001       0.22396500000000000        50.183752400385451     
  0.14000000000000001       0.31716100000000003        32.431441136998757     
  0.14000000000000001       0.43174499999999999        17.102056465730008     
  0.14000000000000001       0.57118599999999997        7.2268339646976552     
  0.14000000000000001       0.73989799999999994        2.4240651692137654     
  0.14000000000000001       0.94346200000000002       0.63501818925930009     
  0.14000000000000001        1.1889000000000001       0.12419626586882901     
  0.14000000000000001        1.4850200000000000        1.6179279194986601E-002
  0.14000000000000001        1.8426800000000001        1.0594676936270351E-003
  0.14000000000000001        2.2751100000000002        8.0514380666677659E-005
  0.14000000000000001        2.7977699999999999        5.7731087924471496E-005
  0.14000000000000001        3.4276200000000001        1.4469124557456802E-005
  0.14000000000000001        4.1807499999999997        9.9039533199491493E-007
  0.14000000000000001        5.0670400000000004        3.0783454387516601E-009
  0.14000000000000001        6.0801100000000003        2.2372970868197950E-008
  0.14000000000000001        7.1812800000000001        5.3633591668926503E-009
  0.14000000000000001        8.2809200000000001        6.4753957740741497E-010
  0.14000000000000001        9.2300000000000004        8.2734990791260508E-011
  0.14000000000000001        9.8451900000000006        2.0546284739519000E-011
  0.14000000000000001        10.675300000000000        2.6376736773567952E-012
  0.14000000000000001        13.387900000000000        1.9350246005875400E-015
  0.14000000000000001        17.613800000000001        2.4763644550830106E-016
  0.14000000000000001        22.386199999999999        1.2074600234712401E-018
  0.14000000000000001        26.612100000000002        9.0034830635064779E-022
  0.14000000000000001        29.324700000000000        2.1955198911303735E-024
  0.22000000000000000        3.6990000000000000E-003   76.098734003580745     
  0.22000000000000000        1.9593099999999999E-002   75.802121843863802     
  0.22000000000000000        4.8614400000000002E-002   74.240515011832400     
  0.22000000000000000        9.1521099999999994E-002   69.746549241399791     
  0.22000000000000000       0.14944800000000000        60.609971231509704     
  0.22000000000000000       0.22396500000000000        46.580886002242899     
  0.22000000000000000       0.31716100000000003        30.276511322006950     
  0.22000000000000000       0.43174499999999999        16.085303172630617     
  0.22000000000000000       0.57118599999999997        6.8560416325816806     
  0.22000000000000000       0.73989799999999994        2.3205247045988697     
  0.22000000000000000       0.94346200000000002       0.61337841665558146     
  0.22000000000000000        1.1889000000000001       0.12106044300607952     
  0.22000000000000000        1.4850200000000000        1.5956940938018849E-002
  0.22000000000000000        1.8426800000000001        1.0890736580238900E-003
  0.22000000000000000        2.2751100000000002        9.7537953256982707E-005
  0.22000000000000000        2.7977699999999999        6.2954137690328507E-005
  0.22000000000000000        3.4276200000000001        1.5478363636377950E-005
  0.22000000000000000        4.1807499999999997        1.0693439126296851E-006
  0.22000000000000000        5.0670400000000004        3.0917587451793354E-009
  0.22000000000000000        6.0801100000000003        2.3238328926424152E-008
  0.22000000000000000        7.1812800000000001        5.5760579973213502E-009
  0.22000000000000000        8.2809200000000001        6.6025039952641004E-010
  0.22000000000000000        9.2300000000000004        8.2442256108135007E-011
  0.22000000000000000        9.8451900000000006        2.0328889525228903E-011
  0.22000000000000000        10.675300000000000        2.6243097026923699E-012
  0.22000000000000000        13.387900000000000        2.1121749624182902E-015
  0.22000000000000000        17.613800000000001        3.0069248753224874E-016
  0.22000000000000000        22.386199999999999        1.3399996717950149E-018
  0.22000000000000000        26.612100000000002        1.0935018882331567E-021
  0.22000000000000000        29.324700000000000        2.6528691430636396E-024
  0.34999999999999998        3.6990000000000000E-003   65.348602814957005     
  0.34999999999999998        1.9593099999999999E-002   65.100335783225063     
  0.34999999999999998        4.8614400000000002E-002   63.793172319684508     
  0.34999999999999998        9.1521099999999994E-002   60.023238972119501     
  0.34999999999999998       0.14944800000000000        52.331726436759006     
  0.34999999999999998       0.22396500000000000        40.457620354247247     
  0.34999999999999998       0.31716100000000003        26.532615279085302     
  0.34999999999999998       0.43174499999999999        14.261720998495356     
  0.34999999999999998       0.57118599999999997        6.1609837275413355     
  0.34999999999999998       0.73989799999999994        2.1146810159913900     
  0.34999999999999998       0.94346200000000002       0.56669152656046706     
  0.34999999999999998        1.1889000000000001       0.11337919147747501     
  0.34999999999999998        1.4850200000000000        1.5200428482227449E-002
  0.34999999999999998        1.8426800000000001        1.0965178210983150E-003
  0.34999999999999998        2.2751100000000002        1.1700075461388932E-004
  0.34999999999999998        2.7977699999999999        6.7956477147404999E-005
  0.34999999999999998        3.4276200000000001        1.6348891663392749E-005
  0.34999999999999998        4.1807499999999997        1.1415695605687451E-006
  0.34999999999999998        5.0670400000000004        3.0248520479538900E-009
  0.34999999999999998        6.0801100000000003        2.3691875291392001E-008
  0.34999999999999998        7.1812800000000001        5.6916324522634508E-009
  0.34999999999999998        8.2809200000000001        6.5774335931804503E-010
  0.34999999999999998        9.2300000000000004        7.9690629017576495E-011
  0.34999999999999998        9.8451900000000006        1.9462268573863501E-011
  0.34999999999999998        10.675300000000000        2.5315265223717700E-012
  0.34999999999999998        13.387900000000000        2.2805945887890549E-015
  0.34999999999999998        17.613800000000001        3.6102365142403364E-016
  0.34999999999999998        22.386199999999999        1.4739285025719100E-018
  0.34999999999999998        26.612100000000002        1.3128036271775796E-021
  0.34999999999999998        29.324700000000000        3.1704920419992824E-024
  0.50000000000000000        3.6990000000000000E-003   55.338142218151098     
  0.50000000000000000        1.9593099999999999E-002   55.133632460421900     
  0.50000000000000000        4.8614400000000002E-002   54.057144321838344     
  0.50000000000000000        9.1521099999999994E-002   50.947358763732204     
  0.50000000000000000       0.14944800000000000        44.578529464630698     
  0.50000000000000000       0.22396500000000000        34.688073315106749     
  0.50000000000000000       0.31716100000000003        22.972706980380853     
  0.50000000000000000       0.43174499999999999        12.507789354257508     
  0.50000000000000000       0.57118599999999997        5.4834987832059054     
  0.50000000000000000       0.73989799999999994        1.9111638133387803     
  0.50000000000000000       0.94346200000000002       0.51976804132880550     
  0.50000000000000000        1.1889000000000001       0.10548699732921352     
  0.50000000000000000        1.4850200000000000        1.4386770111887251E-002
  0.50000000000000000        1.8426800000000001        1.0921401204275101E-003
  0.50000000000000000        2.2751100000000002        1.3266382623822791E-004
  0.50000000000000000        2.7977699999999999        7.1576935252322494E-005
  0.50000000000000000        3.4276200000000001        1.6932200298413401E-005
  0.50000000000000000        4.1807499999999997        1.1922145353564599E-006
  0.50000000000000000        5.0670400000000004        2.9436707117144254E-009
  0.50000000000000000        6.0801100000000003        2.3834148096605002E-008
  0.50000000000000000        7.1812800000000001        5.7316997103751005E-009
  0.50000000000000000        8.2809200000000001        6.4882220325191501E-010
  0.50000000000000000        9.2300000000000004        7.6519977929972503E-011
  0.50000000000000000        9.8451900000000006        1.8522044631729103E-011
  0.50000000000000000        10.675300000000000        2.4262959515479303E-012
  0.50000000000000000        13.387900000000000        2.4001451838491050E-015
  0.50000000000000000        17.613800000000001        4.0901407021837250E-016
  0.50000000000000000        22.386199999999999        1.5737907909188851E-018
  0.50000000000000000        26.612100000000002        1.4870290870592612E-021
  0.50000000000000000        29.324700000000000        3.5808365099550513E-024
  0.69999999999999996        3.6990000000000000E-003   45.327050174775600     
  0.69999999999999996        1.9593099999999999E-002   45.165064396967907     
  0.69999999999999996        4.8614400000000002E-002   44.312305671075755     
  0.69999999999999996        9.1521099999999994E-002   41.847848640748154     
  0.69999999999999996       0.14944800000000000        36.783213033039551     
  0.69999999999999996       0.22396500000000000        28.855302688185049     
  0.69999999999999996       0.31716100000000003        19.346644787158148     
  0.69999999999999996       0.43174499999999999        10.705712868993450     
  0.69999999999999996       0.57118599999999997        4.7815975759675196     
  0.69999999999999996       0.73989799999999994        1.6988803563566450     
  0.69999999999999996       0.94346200000000002       0.47058003083691607     
  0.69999999999999996        1.1889000000000001        9.7167984765313006E-002
  0.69999999999999996        1.4850200000000000        1.3518195622697149E-002
  0.69999999999999996        1.8426800000000001        1.0829002811707849E-003
  0.69999999999999996        2.2751100000000002        1.4722307006078981E-004
  0.69999999999999996        2.7977699999999999        7.4704569042372503E-005
  0.69999999999999996        3.4276200000000001        1.7406880390757549E-005
  0.69999999999999996        4.1807499999999997        1.2349684012947049E-006
  0.69999999999999996        5.0670400000000004        2.8619033141275501E-009
  0.69999999999999996        6.0801100000000003        2.3837601320032503E-008
  0.69999999999999996        7.1812800000000001        5.7384482955877000E-009
  0.69999999999999996        8.2809200000000001        6.3675565396096505E-010
  0.69999999999999996        9.2300000000000004        7.3079087443284996E-011
  0.69999999999999996        9.8451900000000006        1.7525039830093951E-011
  0.69999999999999996        10.675300000000000        2.3128299361671349E-012
  0.69999999999999996        13.387900000000000        2.4998624368121250E-015
  0.69999999999999996        17.613800000000001        4.5275658218428752E-016
  0.69999999999999996        22.386199999999999        1.6612303546442450E-018
  0.69999999999999996        26.612100000000002        1.6455249317011564E-021
  0.69999999999999996        29.324700000000000        3.9532602434817033E-024
   1.0500000000000000        3.6990000000000000E-003   33.452588903568454     
   1.0500000000000000        1.9593099999999999E-002   33.339185046209352     
   1.0500000000000000        4.8614400000000002E-002   32.743809861897752     
   1.0500000000000000        9.1521099999999994E-002   31.021578808724350     
   1.0500000000000000       0.14944800000000000        27.465212530621255     
   1.0500000000000000       0.22396500000000000        21.826276267861452     
   1.0500000000000000       0.31716100000000003        14.927278509112201     
   1.0500000000000000       0.43174499999999999        8.4798045130375499     
   1.0500000000000000       0.57118599999999997        3.9040190533490304     
   1.0500000000000000       0.73989799999999994        1.4310266413439152     
   1.0500000000000000       0.94346200000000002       0.40820465339303652     
   1.0500000000000000        1.1889000000000001        8.6587110856400015E-002
   1.0500000000000000        1.4850200000000000        1.2405320375540398E-002
   1.0500000000000000        1.8426800000000001        1.0662152922043702E-003
   1.0500000000000000        2.2751100000000002        1.6326493069606721E-004
   1.0500000000000000        2.7977699999999999        7.7781983097434005E-005
   1.0500000000000000        3.4276200000000001        1.7827473137874400E-005
   1.0500000000000000        4.1807499999999997        1.2754559660292451E-006
   1.0500000000000000        5.0670400000000004        2.7774966672068003E-009
   1.0500000000000000        6.0801100000000003        2.3648019353862755E-008
   1.0500000000000000        7.1812800000000001        5.7000977828371507E-009
   1.0500000000000000        8.2809200000000001        6.1804707606603496E-010
   1.0500000000000000        9.2300000000000004        6.8618904064326003E-011
   1.0500000000000000        9.8451900000000006        1.6262896533695350E-011
   1.0500000000000000        10.675300000000000        2.1668019971355450E-012
   1.0500000000000000        13.387900000000000        2.5905056052429403E-015
   1.0500000000000000        17.613800000000001        4.9895744982805139E-016
   1.0500000000000000        22.386199999999999        1.7483749144253699E-018
   1.0500000000000000        26.612100000000002        1.8119946194926681E-021
   1.0500000000000000        29.324700000000000        4.3437054621047401E-024
   1.5000000000000000        3.6990000000000000E-003   23.906557258703351     
   1.5000000000000000        1.9593099999999999E-002   23.831316453394454     
   1.5000000000000000        4.8614400000000002E-002   23.434304289111104     
   1.5000000000000000        9.1521099999999994E-002   22.283542247778350     
   1.5000000000000000       0.14944800000000000        19.888800865275648     
   1.5000000000000000       0.22396500000000000        16.040321484264002     
   1.5000000000000000       0.31716100000000003        11.224100903577101     
   1.5000000000000000       0.43174499999999999        6.5732838052558602     
   1.5000000000000000       0.57118599999999997        3.1364779885654603     
   1.5000000000000000       0.73989799999999994        1.1928331556676151     
   1.5000000000000000       0.94346200000000002       0.35219425737072496     
   1.5000000000000000        1.1889000000000001        7.7037862780571009E-002
   1.5000000000000000        1.4850200000000000        1.1392864865655350E-002
   1.5000000000000000        1.8426800000000001        1.0461372645616199E-003
   1.5000000000000000        2.2751100000000002        1.7494406778386233E-004
   1.5000000000000000        2.7977699999999999        7.9496261870371497E-005
   1.5000000000000000        3.4276200000000001        1.7988363750537952E-005
   1.5000000000000000        4.1807499999999997        1.2954915683555999E-006
   1.5000000000000000        5.0670400000000004        2.7385344405919499E-009
   1.5000000000000000        6.0801100000000003        2.3240844846349901E-008
   1.5000000000000000        7.1812800000000001        5.6082025742550512E-009
   1.5000000000000000        8.2809200000000001        5.9701299885150006E-010
   1.5000000000000000        9.2300000000000004        6.4477699866541501E-011
   1.5000000000000000        9.8451900000000006        1.5127299076385650E-011
   1.5000000000000000        10.675300000000000        2.0325179776632501E-012
   1.5000000000000000        13.387900000000000        2.6293553554375802E-015
   1.5000000000000000        17.613800000000001        5.2937570511876934E-016
   1.5000000000000000        22.386199999999999        1.7981575699914752E-018
   1.5000000000000000        26.612100000000002        1.9203277014128053E-021
   1.5000000000000000        29.324700000000000        4.5960914000774849E-024
   2.0000000000000000        3.6990000000000000E-003   17.217308290940451     
   2.0000000000000000        1.9593099999999999E-002   17.167335214768201     
   2.0000000000000000        4.8614400000000002E-002   16.902038858362349     
   2.0000000000000000        9.1521099999999994E-002   16.130243422316102     
   2.0000000000000000       0.14944800000000000        14.510642169408001     
   2.0000000000000000       0.22396500000000000        11.872823456667252     
   2.0000000000000000       0.31716100000000003        8.4970706301750507     
   2.0000000000000000       0.43174499999999999        5.1306138811496798     
   2.0000000000000000       0.57118599999999997        2.5388818882723450     
   2.0000000000000000       0.73989799999999994        1.0030143970342651     
   2.0000000000000000       0.94346200000000002       0.30686103085919053     
   2.0000000000000000        1.1889000000000001        6.9248278699869506E-002
   2.0000000000000000        1.4850200000000000        1.0561545724071650E-002
   2.0000000000000000        1.8426800000000001        1.0264607974717250E-003
   2.0000000000000000        2.2751100000000002        1.8229470770151797E-004
   2.0000000000000000        2.7977699999999999        8.0005168340058504E-005
   2.0000000000000000        3.4276200000000001        1.7933250304635050E-005
   2.0000000000000000        4.1807499999999997        1.2978910653200800E-006
   2.0000000000000000        5.0670400000000004        2.7552381756283999E-009
   2.0000000000000000        6.0801100000000003        2.2702437982239401E-008
   2.0000000000000000        7.1812800000000001        5.4830577572424506E-009
   2.0000000000000000        8.2809200000000001        5.7611113076247499E-010
   2.0000000000000000        9.2300000000000004        6.0968040901883491E-011
   2.0000000000000000        9.8451900000000006        1.4195599662940851E-011
   2.0000000000000000        10.675300000000000        1.9198945487987653E-012
   2.0000000000000000        13.387900000000000        2.6256406736648550E-015
   2.0000000000000000        17.613800000000001        5.4469904862231047E-016
   2.0000000000000000        22.386199999999999        1.8142002594003749E-018
   2.0000000000000000        26.612100000000002        1.9732258748879060E-021
   2.0000000000000000        29.324700000000000        4.7174750647963793E-024
   2.7000000000000002        3.6990000000000000E-003   11.460419782249900     
   2.7000000000000002        1.9593099999999999E-002   11.430297807609451     
   2.7000000000000002        4.8614400000000002E-002   11.270216235863201     
   2.7000000000000002        9.1521099999999994E-002   10.801791411099151     
   2.7000000000000002       0.14944800000000000        9.8101539053056008     
   2.7000000000000002       0.22396500000000000        8.1670115349746002     
   2.7000000000000002       0.31716100000000003        6.0063029972356956     
   2.7000000000000002       0.43174499999999999        3.7673927617576255     
   2.7000000000000002       0.57118599999999997        1.9526459064204400     
   2.7000000000000002       0.73989799999999994       0.81078430181325500     
   2.7000000000000002       0.94346200000000002       0.25995333179176899     
   2.7000000000000002        1.1889000000000001        6.1105084540191992E-002
   2.7000000000000002        1.4850200000000000        9.6910374297621490E-003
   2.7000000000000002        1.8426800000000001        1.0044825103085850E-003
   2.7000000000000002        2.2751100000000002        1.8811626028547658E-004
   2.7000000000000002        2.7977699999999999        7.9654320839824509E-005
   2.7000000000000002        3.4276200000000001        1.7685259530777302E-005
   2.7000000000000002        4.1807499999999997        1.2863365797316650E-006
   2.7000000000000002        5.0670400000000004        2.8563781566435501E-009
   2.7000000000000002        6.0801100000000003        2.1918595729607502E-008
   2.7000000000000002        7.1812800000000001        5.2982609721079497E-009
   2.7000000000000002        8.2809200000000001        5.5009651873022006E-010
   2.7000000000000002        9.2300000000000004        5.7123024610651999E-011
   2.7000000000000002        9.8451900000000006        1.3205945294029951E-011
   2.7000000000000002        10.675300000000000        1.7977944882139547E-012
   2.7000000000000002        13.387900000000000        2.5873237065133150E-015
   2.7000000000000002        17.613800000000001        5.5106404287013697E-016
   2.7000000000000002        22.386199999999999        1.8056392252059700E-018
   2.7000000000000002        26.612100000000002        1.9920644232329300E-021
   2.7000000000000002        29.324700000000000        4.7576783799110721E-024
   4.0000000000000000        3.6990000000000000E-003   5.9779135541205850     
   4.0000000000000000        1.9593099999999999E-002   5.9644144104248547     
   4.0000000000000000        4.8614400000000002E-002   5.8927925832679753     
   4.0000000000000000        9.1521099999999994E-002   5.6820976090624900     
   4.0000000000000000       0.14944800000000000        5.2316621050851850     
   4.0000000000000000       0.22396500000000000        4.4687473730592000     
   4.0000000000000000       0.31716100000000003        3.4257268892997148     
   4.0000000000000000       0.43174499999999999        2.2796957640626401     
   4.0000000000000000       0.57118599999999997        1.2738576168999449     
   4.0000000000000000       0.73989799999999994       0.57565333199951507     
   4.0000000000000000       0.94346200000000002       0.20042163450867248     
   4.0000000000000000        1.1889000000000001        5.0626327381206496E-002
   4.0000000000000000        1.4850200000000000        8.5872392270433997E-003
   4.0000000000000000        1.8426800000000001        9.8125612953522002E-004
   4.0000000000000000        2.2751100000000002        1.9418412636334250E-004
   4.0000000000000000        2.7977699999999999        7.8039001583966508E-005
   4.0000000000000000        3.4276200000000001        1.7096406005567352E-005
   4.0000000000000000        4.1807499999999997        1.2522591843138300E-006
   4.0000000000000000        5.0670400000000004        3.2334306895159505E-009
   4.0000000000000000        6.0801100000000003        2.0564389496631748E-008
   4.0000000000000000        7.1812800000000001        4.9751872545836998E-009
   4.0000000000000000        8.2809200000000001        5.0974412302698503E-010
   4.0000000000000000        9.2300000000000004        5.1815814856690496E-011
   4.0000000000000000        9.8451900000000006        1.1886083834628852E-011
   4.0000000000000000        10.675300000000000        1.6317723855371402E-012
   4.0000000000000000        13.387900000000000        2.4952400505956001E-015
   4.0000000000000000        17.613800000000001        5.4542350825824793E-016
   4.0000000000000000        22.386199999999999        1.7576216601289501E-018
   4.0000000000000000        26.612100000000002        1.9632792900447917E-021
   4.0000000000000000        29.324700000000000        4.6825383100627285E-024
   5.5000000000000000        3.6990000000000000E-003   3.1514699114171352     
   5.5000000000000000        1.9593099999999999E-002   3.1452649622355495     
   5.5000000000000000        4.8614400000000002E-002   3.1126172013167004     
   5.5000000000000000        9.1521099999999994E-002   3.0162061631266952     
   5.5000000000000000       0.14944800000000000        2.8089091607738701     
   5.5000000000000000       0.22396500000000000        2.4531926155070951     
   5.5000000000000000       0.31716100000000003        1.9516888702133903     
   5.5000000000000000       0.43174499999999999        1.3713056087534652     
   5.5000000000000000       0.57118599999999997       0.82457844945322012     
   5.5000000000000000       0.73989799999999994       0.40697126064826006     
   5.5000000000000000       0.94346200000000002       0.15530240918611651     
   5.5000000000000000        1.1889000000000001        4.2585940616142001E-002
   5.5000000000000000        1.4850200000000000        7.7871076261863490E-003
   5.5000000000000000        1.8426800000000001        9.7941309486019993E-004
   5.5000000000000000        2.2751100000000002        2.0007572018476352E-004
   5.5000000000000000        2.7977699999999999        7.6235333656019999E-005
   5.5000000000000000        3.4276200000000001        1.6479650435063200E-005
   5.5000000000000000        4.1807499999999997        1.2156599491586551E-006
   5.5000000000000000        5.0670400000000004        3.9243319001848501E-009
   5.5000000000000000        6.0801100000000003        1.9258232401061502E-008
   5.5000000000000000        7.1812800000000001        4.6597599603632004E-009
   5.5000000000000000        8.2809200000000001        4.7297617324149495E-010
   5.5000000000000000        9.2300000000000004        4.7368556399702998E-011
   5.5000000000000000        9.8451900000000006        1.0812969988651600E-011
   5.5000000000000000        10.675300000000000        1.4954223518199349E-012
   5.5000000000000000        13.387900000000000        2.4116552708505951E-015
   5.5000000000000000        17.613800000000001        5.3197002604258218E-016
   5.5000000000000000        22.386199999999999        1.6949130959560802E-018
   5.5000000000000000        26.612100000000002        1.9051069778431768E-021
   5.5000000000000000        29.324700000000000        4.5366298525617298E-024
   7.5000000000000000        3.6990000000000000E-003   1.5155191255327201     
   7.5000000000000000        1.9593099999999999E-002   1.5129805129958751     
   7.5000000000000000        4.8614400000000002E-002   1.4998483976187251     
   7.5000000000000000        9.1521099999999994E-002   1.4609808879893151     
   7.5000000000000000       0.14944800000000000        1.3763512614986750     
   7.5000000000000000       0.22396500000000000        1.2284013569708652     
   7.5000000000000000       0.31716100000000003        1.0136266459446051     
   7.5000000000000000       0.43174499999999999       0.75355353663166502     
   7.5000000000000000       0.57118599999999997       0.49061227860336998     
   7.5000000000000000       0.73989799999999994       0.26838699137346250     
   7.5000000000000000       0.94346200000000002       0.11519371239333651     
   7.5000000000000000        1.1889000000000001        3.5358738636490500E-002
   7.5000000000000000        1.4850200000000000        7.1578119214640509E-003
   7.5000000000000000        1.8426800000000001        1.0080067714751651E-003
   7.5000000000000000        2.2751100000000002        2.0964746354463451E-004
   7.5000000000000000        2.7977699999999999        7.4653362672118999E-005
   7.5000000000000000        3.4276200000000001        1.5860260548401502E-005
   7.5000000000000000        4.1807499999999997        1.1811957927169401E-006
   7.5000000000000000        5.0670400000000004        5.2202871871150005E-009
   7.5000000000000000        6.0801100000000003        1.7878363784843103E-008
   7.5000000000000000        7.1812800000000001        4.3215216588159002E-009
   7.5000000000000000        8.2809200000000001        4.3491277135306005E-010
   7.5000000000000000        9.2300000000000004        4.2995098260537498E-011
   7.5000000000000000        9.8451900000000006        9.7826465141174012E-012
   7.5000000000000000        10.675300000000000        1.3652486548616299E-012
   7.5000000000000000        13.387900000000000        2.3624024384217949E-015
   7.5000000000000000        17.613800000000001        5.1463806086749601E-016
   7.5000000000000000        22.386199999999999        1.6219583245561849E-018
   7.5000000000000000        26.612100000000002        1.8291414001349606E-021
   7.5000000000000000        29.324700000000000        4.3463532951654203E-024
   11.000000000000000        3.6990000000000000E-003  0.52271739012647001     
   11.000000000000000        1.9593099999999999E-002  0.52205733113418507     
   11.000000000000000        4.8614400000000002E-002  0.51856661556661499     
   11.000000000000000        9.1521099999999994E-002  0.50817537295563497     
   11.000000000000000       0.14944800000000000       0.48529530116028502     
   11.000000000000000       0.22396500000000000       0.44429241682683551     
   11.000000000000000       0.31716100000000003       0.38293564163054200     
   11.000000000000000       0.43174499999999999       0.30522341364634348     
   11.000000000000000       0.57118599999999997       0.22038955365584853     
   11.000000000000000       0.73989799999999994       0.13943958338602599     
   11.000000000000000       0.94346200000000002        7.2108534333104504E-002
   11.000000000000000        1.1889000000000001        2.7145000055365503E-002
   11.000000000000000        1.4850200000000000        6.6425317879651507E-003
   11.000000000000000        1.8426800000000001        1.1136448226634500E-003
   11.000000000000000        2.2751100000000002        2.3302598347586250E-004
   11.000000000000000        2.7977699999999999        7.4210955419293006E-005
   11.000000000000000        3.4276200000000001        1.5282634932507250E-005
   11.000000000000000        4.1807499999999997        1.1597660747611401E-006
   11.000000000000000        5.0670400000000004        8.4350310047118498E-009
   11.000000000000000        6.0801100000000003        1.6161056041642052E-008
   11.000000000000000        7.1812800000000001        3.8877928497808401E-009
   11.000000000000000        8.2809200000000001        3.8704024165999497E-010
   11.000000000000000        9.2300000000000004        3.7700912092074003E-011
   11.000000000000000        9.8451900000000006        8.5698152482634999E-012
   11.000000000000000        10.675300000000000        1.2176588722055450E-012
   11.000000000000000        13.387900000000000        2.4491612238143053E-015
   11.000000000000000        17.613800000000001        4.9376033574340556E-016
   11.000000000000000        22.386199999999999        1.5298006709935951E-018
   11.000000000000000        26.612100000000002        1.7288300250144155E-021
   11.000000000000000        29.324700000000000        4.0931366102995448E-024
   16.000000000000000        3.6990000000000000E-003  0.15521696657216749     
   16.000000000000000        1.9593099999999999E-002  0.15506374211551299     
   16.000000000000000        4.8614400000000002E-002  0.15424700544314601     
   16.000000000000000        9.1521099999999994E-002  0.15181889605598101     
   16.000000000000000       0.14944800000000000       0.14649856405299500     
   16.000000000000000       0.22396500000000000       0.13699489852640900     
   16.000000000000000       0.31716100000000003       0.12264823513804400     
   16.000000000000000       0.43174499999999999       0.10402579050174850     
   16.000000000000000       0.57118599999999997        8.2763603213945505E-002
   16.000000000000000       0.73989799999999994        6.0477683175178501E-002
   16.000000000000000       0.94346200000000002        3.8501073291988999E-002
   16.000000000000000        1.1889000000000001        1.9028898900064904E-002
   16.000000000000000        1.4850200000000000        6.2193935218646003E-003
   16.000000000000000        1.8426800000000001        1.3186617109188601E-003
   16.000000000000000        2.2751100000000002        2.7888923045175500E-004
   16.000000000000000        2.7977699999999999        7.7525457928534001E-005
   16.000000000000000        3.4276200000000001        1.5254880882502800E-005
   16.000000000000000        4.1807499999999997        1.1947758405044001E-006
   16.000000000000000        5.0670400000000004        1.4995307010633951E-008
   16.000000000000000        6.0801100000000003        1.4604155459824701E-008
   16.000000000000000        7.1812800000000001        3.4674161757870252E-009
   16.000000000000000        8.2809200000000001        3.4096634805502503E-010
   16.000000000000000        9.2300000000000004        3.2785791192423501E-011
   16.000000000000000        9.8451900000000006        7.4960699557166496E-012
   16.000000000000000        10.675300000000000        1.1030720391637101E-012
   16.000000000000000        13.387900000000000        2.9138407811124149E-015
   16.000000000000000        17.613800000000001        4.8189012687019042E-016
   16.000000000000000        22.386199999999999        1.4517005966867250E-018
   16.000000000000000        26.612100000000002        1.6482062067641438E-021
   16.000000000000000        29.324700000000000        3.8748677304822872E-024
   22.000000000000000        3.6990000000000000E-003   4.8760501431565004E-002
   22.000000000000000        1.9593099999999999E-002   4.8720246712753004E-002
   22.000000000000000        4.8614400000000002E-002   4.8503778935612009E-002
   22.000000000000000        9.1521099999999994E-002   4.7854572931242005E-002
   22.000000000000000       0.14944800000000000        4.6446940398666502E-002
   22.000000000000000       0.22396500000000000        4.4000578259099005E-002
   22.000000000000000       0.31716100000000003        4.0438331634816499E-002
   22.000000000000000       0.43174499999999999        3.5938090864098507E-002
   22.000000000000000       0.57118599999999997        3.0750263977202000E-002
   22.000000000000000       0.73989799999999994        2.5051626414557049E-002
   22.000000000000000       0.94346200000000002        1.8771633754716150E-002
   22.000000000000000        1.1889000000000001        1.1858971097546649E-002
   22.000000000000000        1.4850200000000000        5.3895050014151503E-003
   22.000000000000000        1.8426800000000001        1.5392141580569600E-003
   22.000000000000000        2.2751100000000002        3.4795369900175504E-004
   22.000000000000000        2.7977699999999999        8.6182294407170486E-005
   22.000000000000000        3.4276200000000001        1.6100871290477048E-005
   22.000000000000000        4.1807499999999997        1.3138064787797951E-006
   22.000000000000000        5.0670400000000004        2.5761628883956347E-008
   22.000000000000000        6.0801100000000003        1.3490382374576801E-008
   22.000000000000000        7.1812800000000001        3.1237237544948056E-009
   22.000000000000000        8.2809200000000001        3.0322971976635797E-010
   22.000000000000000        9.2300000000000004        2.8944425451672504E-011
   22.000000000000000        9.8451900000000006        6.7316545514526003E-012
   22.000000000000000        10.675300000000000        1.0509392183963750E-012
   22.000000000000000        13.387900000000000        3.9457843107517458E-015
   22.000000000000000        17.613800000000001        4.8670401899165202E-016
   22.000000000000000        22.386199999999999        1.4054698280746199E-018
   22.000000000000000        26.612100000000002        1.6172666765440570E-021
   22.000000000000000        29.324700000000000        3.7609782512457543E-024
   32.000000000000000        3.6990000000000000E-003   1.0875177342109851E-002
   32.000000000000000        1.9593099999999999E-002   1.0867550651511402E-002
   32.000000000000000        4.8614400000000002E-002   1.0826329030139701E-002
   32.000000000000000        9.1521099999999994E-002   1.0705032090660602E-002
   32.000000000000000       0.14944800000000000        1.0451693753666551E-002
   32.000000000000000       0.22396500000000000        1.0038510637389850E-002
   32.000000000000000       0.31716100000000003        9.4851858480725498E-003
   32.000000000000000       0.43174499999999999        8.8423436411617998E-003
   32.000000000000000       0.57118599999999997        8.1474662903749506E-003
   32.000000000000000       0.73989799999999994        7.3672351228129514E-003
   32.000000000000000       0.94346200000000002        6.3985270205779996E-003
   32.000000000000000        1.1889000000000001        5.1020586833100505E-003
   32.000000000000000        1.4850200000000000        3.4005667034069501E-003
   32.000000000000000        1.8426800000000001        1.5966965152311252E-003
   32.000000000000000        2.2751100000000002        4.7332741539583503E-004
   32.000000000000000        2.7977699999999999        1.0982414729062701E-004
   32.000000000000000        3.4276200000000001        1.9157210816278151E-005
   32.000000000000000        4.1807499999999997        1.6611928625041752E-006
   32.000000000000000        5.0670400000000004        5.0158464938543509E-008
   32.000000000000000        6.0801100000000003        1.2572683315542349E-008
   32.000000000000000        7.1812800000000001        2.7382887684109651E-009
   32.000000000000000        8.2809200000000001        2.6083045054235406E-010
   32.000000000000000        9.2300000000000004        2.5045637538498500E-011
   32.000000000000000        9.8451900000000006        6.1414690686348993E-012
   32.000000000000000        10.675300000000000        1.0935332494216900E-012
   32.000000000000000        13.387900000000000        6.6822241246760992E-015
   32.000000000000000        17.613800000000001        5.2565272870337149E-016
   32.000000000000000        22.386199999999999        1.3876936205051150E-018
   32.000000000000000        26.612100000000002        1.6719999718793526E-021
   32.000000000000000        29.324700000000000        3.7983231853342154E-024
   40.000000000000000        3.6990000000000000E-003   4.2428572291374504E-003
   40.000000000000000        1.9593099999999999E-002   4.2402722447431500E-003
   40.000000000000000        4.8614400000000002E-002   4.2265185491490503E-003
   40.000000000000000        9.1521099999999994E-002   4.1870038067858004E-003
   40.000000000000000       0.14944800000000000        4.1073724745476501E-003
   40.000000000000000       0.22396500000000000        3.9851480979194494E-003
   40.000000000000000       0.31716100000000003        3.8350710077603000E-003
   40.000000000000000       0.43174499999999999        3.6755814171730498E-003
   40.000000000000000       0.57118599999999997        3.5137831000657004E-003
   40.000000000000000       0.73989799999999994        3.3248720458761505E-003
   40.000000000000000       0.94346200000000002        3.0613121675367003E-003
   40.000000000000000        1.1889000000000001        2.6716405696249504E-003
   40.000000000000000        1.4850200000000000        2.1245858474167249E-003
   40.000000000000000        1.8426800000000001        1.3552185207576402E-003
   40.000000000000000        2.2751100000000002        5.4591022530082502E-004
   40.000000000000000        2.7977699999999999        1.3551109775137551E-004
   40.000000000000000        3.4276200000000001        2.2901096992847151E-005
   40.000000000000000        4.1807499999999997        2.0562574087744149E-006
   40.000000000000000        5.0670400000000004        7.4887688547556503E-008
   40.000000000000000        6.0801100000000003        1.2308284797227649E-008
   40.000000000000000        7.1812800000000001        2.5170141042588852E-009
   40.000000000000000        8.2809200000000001        2.3668945887833405E-010
   40.000000000000000        9.2300000000000004        2.3221644924093003E-011
   40.000000000000000        9.8451900000000006        6.0585226419063510E-012
   40.000000000000000        10.675300000000000        1.2122294183422501E-012
   40.000000000000000        13.387900000000000        9.6539794092087505E-015
   40.000000000000000        17.613800000000001        5.8156525050739501E-016
   40.000000000000000        22.386199999999999        1.4052172494467800E-018
   40.000000000000000        26.612100000000002        1.7850566322886991E-021
   40.000000000000000        29.324700000000000        3.9686359674514628E-024
   50.000000000000000        3.6990000000000000E-003   1.7636953868202900E-003
   50.000000000000000        1.9593099999999999E-002   1.7624887318911952E-003
   50.000000000000000        4.8614400000000002E-002   1.7575387827666899E-003
   50.000000000000000        9.1521099999999994E-002   1.7428507435766349E-003
   50.000000000000000       0.14944800000000000        1.7145441778237851E-003
   50.000000000000000       0.22396500000000000        1.6754852609529647E-003
   50.000000000000000       0.31716100000000003        1.6340949249509500E-003
   50.000000000000000       0.43174499999999999        1.5967123013953650E-003
   50.000000000000000       0.57118599999999997        1.5585689820504648E-003
   50.000000000000000       0.73989799999999994        1.5076507092943450E-003
   50.000000000000000       0.94346200000000002        1.4276898408776850E-003
   50.000000000000000        1.1889000000000001        1.3051457944236249E-003
   50.000000000000000        1.4850200000000000        1.1489782047736301E-003
   50.000000000000000        1.8426800000000001        9.4526663497381501E-004
   50.000000000000000        2.2751100000000002        5.6283693990716505E-004
   50.000000000000000        2.7977699999999999        1.7087585486298248E-004
   50.000000000000000        3.4276200000000001        2.9090447470892501E-005
   50.000000000000000        4.1807499999999997        2.6851574727554501E-006
   50.000000000000000        5.0670400000000004        1.1155815876886451E-007
   50.000000000000000        6.0801100000000003        1.2318624734804851E-008
   50.000000000000000        7.1812800000000001        2.2996198766040504E-009
   50.000000000000000        8.2809200000000001        2.1349514375108150E-010
   50.000000000000000        9.2300000000000004        2.1968835197301300E-011
   50.000000000000000        9.8451900000000006        6.2943679356519501E-012
   50.000000000000000        10.675300000000000        1.4428830373234199E-012
   50.000000000000000        13.387900000000000        1.4141226193486699E-014
   50.000000000000000        17.613800000000001        6.7711199620526006E-016
   50.000000000000000        22.386199999999999        1.4539688711609602E-018
   50.000000000000000        26.612100000000002        1.9926459746705437E-021
   50.000000000000000        29.324700000000000        4.3114527499459958E-024
   60.000000000000000        3.6990000000000000E-003   9.2555366237911496E-004
   60.000000000000000        1.9593099999999999E-002   9.2510375669827504E-004
   60.000000000000000        4.8614400000000002E-002   9.2261644919521002E-004
   60.000000000000000        9.1521099999999994E-002   9.1595666115645998E-004
   60.000000000000000       0.14944800000000000        9.0361977380290005E-004
   60.000000000000000       0.22396500000000000        8.8789280767880008E-004
   60.000000000000000       0.31716100000000003        8.7338038956591500E-004
   60.000000000000000       0.43174499999999999        8.6096259812062502E-004
   60.000000000000000       0.57118599999999997        8.4455880020473508E-004
   60.000000000000000       0.73989799999999994        8.1646238776333002E-004
   60.000000000000000       0.94346200000000002        7.7174906418879497E-004
   60.000000000000000        1.1889000000000001        7.1111243407242499E-004
   60.000000000000000        1.4850200000000000        6.5177125605900006E-004
   60.000000000000000        1.8426800000000001        6.1776687165077495E-004
   60.000000000000000        2.2751100000000002        4.9260034866234492E-004
   60.000000000000000        2.7977699999999999        2.0123708855519499E-004
   60.000000000000000        3.4276200000000001        3.6791135714217507E-005
   60.000000000000000        4.1807499999999997        3.4599029482440503E-006
   60.000000000000000        5.0670400000000004        1.5410522595556551E-007
   60.000000000000000        6.0801100000000003        1.2570453519843449E-008
   60.000000000000000        7.1812800000000001        2.1217946562520401E-009
   60.000000000000000        8.2809200000000001        1.9527268105121701E-010
   60.000000000000000        9.2300000000000004        2.1532663479350100E-011
   60.000000000000000        9.8451900000000006        6.8176299484447000E-012
   60.000000000000000        10.675300000000000        1.7481973200776699E-012
   60.000000000000000        13.387900000000000        1.9270427212936898E-014
   60.000000000000000        17.613800000000001        7.8846365221315995E-016
   60.000000000000000        22.386199999999999        1.5240515473044400E-018
   60.000000000000000        26.612100000000002        2.2582599289681970E-021
   60.000000000000000        29.324700000000000        4.7642341765928909E-024
   82.000000000000000        3.6990000000000000E-003   4.2277321105249995E-004
   82.000000000000000        1.9593099999999999E-002   4.2247761512710603E-004
   82.000000000000000        4.8614400000000002E-002   4.2077053879160297E-004
   82.000000000000000        9.1521099999999994E-002   4.1611233771495849E-004
   82.000000000000000       0.14944800000000000        4.0737242654700901E-004
   82.000000000000000       0.22396500000000000        3.9558174047615299E-004
   82.000000000000000       0.31716100000000003        3.8330533386433751E-004
   82.000000000000000       0.43174499999999999        3.7093164501539300E-004
   82.000000000000000       0.57118599999999997        3.5453297760288098E-004
   82.000000000000000       0.73989799999999994        3.2997089000775902E-004
   82.000000000000000       0.94346200000000002        2.9720680479116551E-004
   82.000000000000000        1.1889000000000001        2.6146229176606005E-004
   82.000000000000000        1.4850200000000000        2.3523061997550500E-004
   82.000000000000000        1.8426800000000001        2.3727887478564502E-004
   82.000000000000000        2.2751100000000002        2.7015257518017997E-004
   82.000000000000000        2.7977699999999999        2.0721905816688997E-004
   82.000000000000000        3.4276200000000001        5.5876805607430495E-005
   82.000000000000000        4.1807499999999997        5.6787667284078499E-006
   82.000000000000000        5.0670400000000004        2.6755180462164004E-007
   82.000000000000000        6.0801100000000003        1.3667463671939001E-008
   82.000000000000000        7.1812800000000001        1.8145031564267300E-009
   82.000000000000000        8.2809200000000001        1.6639080827534551E-010
   82.000000000000000        9.2300000000000004        2.2561802991566297E-011
   82.000000000000000        9.8451900000000006        8.6963314882944492E-012
   82.000000000000000        10.675300000000000        2.6176459681125602E-012
   82.000000000000000        13.387900000000000        3.1770800029907403E-014
   82.000000000000000        17.613800000000001        1.0488238723882149E-015
   82.000000000000000        22.386199999999999        1.7368529878007000E-018
   82.000000000000000        26.612100000000002        2.9938125025169904E-021
   82.000000000000000        29.324700000000000        6.0377233838848853E-024
   103.00000000000000        3.6990000000000000E-003   2.8283722186559456E-004
   103.00000000000000        1.9593099999999999E-002   2.8250664478687994E-004
   103.00000000000000        4.8614400000000002E-002   2.8072710798424485E-004
   103.00000000000000        9.1521099999999994E-002   2.7583961977846119E-004
   103.00000000000000       0.14944800000000000        2.6637899128213451E-004
   103.00000000000000       0.22396500000000000        2.5299818462008858E-004
   103.00000000000000       0.31716100000000003        2.3840332326446025E-004
   103.00000000000000       0.43174499999999999        2.2401908880520399E-004
   103.00000000000000       0.57118599999999997        2.0775460378873203E-004
   103.00000000000000       0.73989799999999994        1.8671756666840202E-004
   103.00000000000000       0.94346200000000002        1.6078553600782749E-004
   103.00000000000000        1.1889000000000001        1.3367210828094201E-004
   103.00000000000000        1.4850200000000000        1.1291221700655051E-004
   103.00000000000000        1.8426800000000001        1.0978103132954651E-004
   103.00000000000000        2.2751100000000002        1.3362040859305599E-004
   103.00000000000000        2.7977699999999999        1.4716148428754850E-004
   103.00000000000000        3.4276200000000001        6.7785394592453997E-005
   103.00000000000000        4.1807499999999997        8.3514629977663504E-006
   103.00000000000000        5.0670400000000004        4.0255508120211998E-007
   103.00000000000000        6.0801100000000003        1.5194242279115900E-008
   103.00000000000000        7.1812800000000001        1.5868666680859301E-009
   103.00000000000000        8.2809200000000001        1.4809316396828801E-010
   103.00000000000000        9.2300000000000004        2.5237903152589054E-011
   103.00000000000000        9.8451900000000006        1.1112956440974850E-011
   103.00000000000000        10.675300000000000        3.6169180575866800E-012
   103.00000000000000        13.387900000000000        4.3934148106706551E-014
   103.00000000000000        17.613800000000001        1.2838236197117102E-015
   103.00000000000000        22.386199999999999        3.1404501821423502E-018
   103.00000000000000        26.612100000000002        3.8378621989249851E-021
   103.00000000000000        29.324700000000000        7.4998063434652043E-024
   125.00000000000000        3.6990000000000000E-003   2.1326684720374844E-004
   125.00000000000000        1.9593099999999999E-002   2.1289895163277049E-004
   125.00000000000000        4.8614400000000002E-002   2.1105888771653336E-004
   125.00000000000000        9.1521099999999994E-002   2.0590260257242370E-004
   125.00000000000000       0.14944800000000000        1.9590199648864465E-004
   125.00000000000000       0.22396500000000000        1.8155550082827465E-004
   125.00000000000000       0.31716100000000003        1.6581776064708085E-004
   125.00000000000000       0.43174499999999999        1.5097354696092902E-004
   125.00000000000000       0.57118599999999997        1.3618637065944679E-004
   125.00000000000000       0.73989799999999994        1.1909716709131396E-004
   125.00000000000000       0.94346200000000002        9.9152305610280994E-005
   125.00000000000000        1.1889000000000001        7.8548500034812500E-005
   125.00000000000000        1.4850200000000000        6.1809443455875500E-005
   125.00000000000000        1.8426800000000001        5.5571935310545499E-005
   125.00000000000000        2.2751100000000002        6.5107173165611501E-005
   125.00000000000000        2.7977699999999999        8.7171396260333001E-005
   125.00000000000000        3.4276200000000001        6.2606546086469003E-005
   125.00000000000000        4.1807499999999997        1.1297319106592750E-005
   125.00000000000000        5.0670400000000004        5.7398098522533997E-007
   125.00000000000000        6.0801100000000003        1.7167404279236753E-008
   125.00000000000000        7.1812800000000001        1.3926366631827650E-009
   125.00000000000000        8.2809200000000001        1.3527913980057401E-010
   125.00000000000000        9.2300000000000004        2.9068425771777701E-011
   125.00000000000000        9.8451900000000006        1.4007556847784502E-011
   125.00000000000000        10.675300000000000        4.7506823465740104E-012
   125.00000000000000        13.387900000000000        5.5669671399896401E-014
   125.00000000000000        17.613800000000001        1.4844894464484700E-015
   125.00000000000000        22.386199999999999        4.8775981738872854E-018
   125.00000000000000        26.612100000000002        4.8392476611367350E-021
   125.00000000000000        29.324700000000000        9.2167144993839296E-024
   150.00000000000000        3.6990000000000000E-003   1.5809595643581433E-004
   150.00000000000000        1.9593099999999999E-002   1.5776096219101836E-004
   150.00000000000000        4.8614400000000002E-002   1.5603689698288732E-004
   150.00000000000000        9.1521099999999994E-002   1.5116016112822164E-004
   150.00000000000000       0.14944800000000000        1.4171469524264745E-004
   150.00000000000000       0.22396500000000000        1.2827992949795869E-004
   150.00000000000000       0.31716100000000003        1.1383088296814467E-004
   150.00000000000000       0.43174499999999999        1.0099045644073927E-004
   150.00000000000000       0.57118599999999997        8.9473581388626046E-005
   150.00000000000000       0.73989799999999994        7.7113843562328651E-005
   150.00000000000000       0.94346200000000002        6.2978497715021343E-005
   150.00000000000000        1.1889000000000001        4.8193245352305900E-005
   150.00000000000000        1.4850200000000000        3.5592581060648152E-005
   150.00000000000000        1.8426800000000001        2.8969387323877002E-005
   150.00000000000000        2.2751100000000002        3.1715982574584004E-005
   150.00000000000000        2.7977699999999999        4.3838868739165501E-005
   150.00000000000000        3.4276200000000001        4.4435289756858004E-005
   150.00000000000000        4.1807499999999997        1.3450670305160551E-005
   150.00000000000000        5.0670400000000004        7.9758213533229006E-007
   150.00000000000000        6.0801100000000003        1.9774262377361800E-008
   150.00000000000000        7.1812800000000001        1.2099858097496400E-009
   150.00000000000000        8.2809200000000001        1.2601404268106501E-010
   150.00000000000000        9.2300000000000004        3.4006466208634153E-011
   150.00000000000000        9.8451900000000006        1.7457741438668301E-011
   150.00000000000000        10.675300000000000        6.0531760654053156E-012
   150.00000000000000        13.387900000000000        6.6808033698945001E-014
   150.00000000000000        17.613800000000001        1.6598530118143051E-015
   150.00000000000000        22.386199999999999        5.9956078709630957E-018
   150.00000000000000        26.612100000000002        6.1125419093003649E-021
   150.00000000000000        29.324700000000000        1.1407192782973680E-023
   175.00000000000000        3.6990000000000000E-003   1.2507776429335535E-004
   175.00000000000000        1.9593099999999999E-002   1.2476785327690147E-004
   175.00000000000000        4.8614400000000002E-002   1.2310415041428313E-004
   175.00000000000000        9.1521099999999994E-002   1.1843999795372013E-004
   175.00000000000000       0.14944800000000000        1.0942814346758448E-004
   175.00000000000000       0.22396500000000000        9.6651476270909192E-005
   175.00000000000000       0.31716100000000003        8.3152978821277740E-005
   175.00000000000000       0.43174499999999999        7.1726992609776353E-005
   175.00000000000000       0.57118599999999997        6.2379827168924657E-005
   175.00000000000000       0.73989799999999994        5.3184199038424303E-005
   175.00000000000000       0.94346200000000002        4.2940340003330001E-005
   175.00000000000000        1.1889000000000001        3.2124084519245951E-005
   175.00000000000000        1.4850200000000000        2.2587435775750997E-005
   175.00000000000000        1.8426800000000001        1.6681644272866650E-005
   175.00000000000000        2.2751100000000002        1.6616871667719400E-005
   175.00000000000000        2.7977699999999999        2.1963063381001053E-005
   175.00000000000000        3.4276200000000001        2.7710046071630998E-005
   175.00000000000000        4.1807499999999997        1.2840939577743200E-005
   175.00000000000000        5.0670400000000004        1.0290665012065900E-006
   175.00000000000000        6.0801100000000003        2.2630601068594754E-008
   175.00000000000000        7.1812800000000001        1.0572339513870751E-009
   175.00000000000000        8.2809200000000001        1.2054433409895801E-010
   175.00000000000000        9.2300000000000004        3.8974638486483702E-011
   175.00000000000000        9.8451900000000006        2.0808927047062000E-011
   175.00000000000000        10.675300000000000        7.2825887235228061E-012
   175.00000000000000        13.387900000000000        7.5102775035326506E-014
   175.00000000000000        17.613800000000001        1.8113873622598598E-015
   175.00000000000000        22.386199999999999        7.6292588100447946E-018
   175.00000000000000        26.612100000000002        7.5358718089420157E-021
   175.00000000000000        29.324700000000000        1.3886466115075787E-023
   190.00000000000000        3.6990000000000000E-003   1.0966490731876180E-004
   190.00000000000000        1.9593099999999999E-002   1.0936046127504076E-004
   190.00000000000000        4.8614400000000002E-002   1.0776844239760100E-004
   190.00000000000000        9.1521099999999994E-002   1.0330536719068029E-004
   190.00000000000000       0.14944800000000000        9.4684591244344259E-005
   190.00000000000000       0.22396500000000000        8.2520132216236714E-005
   190.00000000000000       0.31716100000000003        6.9776005237236376E-005
   190.00000000000000       0.43174499999999999        5.9268818183089899E-005
   190.00000000000000       0.57118599999999997        5.1064817692030444E-005
   190.00000000000000       0.73989799999999994        4.3358663489337352E-005
   190.00000000000000       0.94346200000000002        3.4881217034583156E-005
   190.00000000000000        1.1889000000000001        2.5866932465789800E-005
   190.00000000000000        1.4850200000000000        1.7773563386994799E-005
   190.00000000000000        1.8426800000000001        1.2455875566519000E-005
   190.00000000000000        2.2751100000000002        1.1601419827971051E-005
   190.00000000000000        2.7977699999999999        1.4935250522053399E-005
   190.00000000000000        3.4276200000000001        2.0148019548449100E-005
   190.00000000000000        4.1807499999999997        1.1414432712548250E-005
   190.00000000000000        5.0670400000000004        1.1495583463094500E-006
   190.00000000000000        6.0801100000000003        2.4312774730009150E-008
   190.00000000000000        7.1812800000000001        9.7714679365649508E-010
   190.00000000000000        8.2809200000000001        1.1861102229719048E-010
   190.00000000000000        9.2300000000000004        4.1779652411231351E-011
   190.00000000000000        9.8451900000000006        2.2683119663750701E-011
   190.00000000000000        10.675300000000000        7.9587920286489996E-012
   190.00000000000000        13.387900000000000        7.8752832198194007E-014
   190.00000000000000        17.613800000000001        1.8987410887171650E-015
   190.00000000000000        22.386199999999999        9.2287889417569993E-018
   190.00000000000000        26.612100000000002        8.4675179440825054E-021
   190.00000000000000        29.324700000000000        1.5488907807455006E-023
