--------------------------------------------------------
   VMC computations of nucleon momentum distributions
   (see "comments" below for references)
--------------------------------------------------------

   Z= 1  A= 2
   k    ........ 2H ........
          rho       error
  ****  *********  **********
  0.05  0.11795E+02
  0.10  0.91002E+01
  0.15  0.62667E+01
  0.20  0.40622E+01
  0.25  0.25749E+01
  0.30  0.16330E+01
  0.35  0.10483E+01
  0.40  0.68467E+00
  0.45  0.45568E+00
  0.50  0.30892E+00
  0.55  0.21315E+00
  0.60  0.14945E+00
  0.65  0.10635E+00
  0.70  0.76714E-01
  0.75  0.56017E-01
  0.80  0.41375E-01
  0.85  0.30881E-01
  0.90  0.23276E-01
  0.95  0.17709E-01
  1.00  0.13592E-01
  1.05  0.10523E-01
  1.10  0.82162E-02
  1.15  0.64683E-02
  1.20  0.51354E-02
  1.25  0.41112E-02
  1.30  0.33197E-02
  1.35  0.27037E-02
  1.40  0.22214E-02
  1.45  0.18415E-02
  1.50  0.15402E-02
  1.55  0.12998E-02
  1.60  0.11066E-02
  1.65  0.95023E-03
  1.70  0.82291E-03
  1.75  0.71834E-03
  1.80  0.63185E-03
  1.85  0.55970E-03
  1.90  0.49904E-03
  1.95  0.44762E-03
  2.00  0.40364E-03
  2.05  0.36573E-03
  2.10  0.33278E-03
  2.15  0.30392E-03
  2.20  0.27843E-03
  2.25  0.25579E-03
  2.30  0.23553E-03
  2.35  0.21728E-03
  2.40  0.20078E-03
  2.45  0.18576E-03
  2.50  0.17206E-03
  2.55  0.15948E-03
  2.60  0.14792E-03
  2.65  0.13726E-03
  2.70  0.12740E-03
  2.75  0.11827E-03
  2.80  0.10980E-03
  2.85  0.10192E-03
  2.90  0.94613E-04
  2.95  0.87799E-04
  3.00  0.81461E-04
  3.05  0.75556E-04
  3.10  0.70056E-04
  3.15  0.64930E-04
  3.20  0.60150E-04
  3.25  0.55702E-04
  3.30  0.51556E-04
  3.35  0.47694E-04
  3.40  0.44101E-04
  3.45  0.40753E-04
  3.50  0.37642E-04
  3.55  0.34747E-04
  3.60  0.32056E-04
  3.65  0.29557E-04
  3.70  0.27234E-04
  3.75  0.25082E-04
  3.80  0.23083E-04
  3.85  0.21229E-04
  3.90  0.19513E-04
  3.95  0.17922E-04
  4.00  0.16452E-04
  4.05  0.15091E-04
  4.10  0.13833E-04
  4.15  0.12672E-04
  4.20  0.11599E-04
  4.25  0.10609E-04
  4.30  0.96969E-05
  4.35  0.88560E-05
  4.40  0.80827E-05
  4.45  0.73699E-05
  4.50  0.67156E-05
  4.55  0.61140E-05
  4.60  0.55612E-05
  4.65  0.50549E-05
  4.70  0.45897E-05
  4.75  0.41644E-05
  4.80  0.37748E-05
  4.85  0.34181E-05
  4.90  0.30927E-05
  4.95  0.27949E-05
  5.00  0.25235E-05
  5.05  0.22761E-05
  5.10  0.20504E-05
  5.15  0.18456E-05
  5.20  0.16588E-05
  5.25  0.14894E-05
  5.30  0.13356E-05
  5.35  0.11961E-05
  5.40  0.10700E-05
  5.45  0.95554E-06
  5.50  0.85236E-06
  5.55  0.75919E-06
  5.60  0.67498E-06
  5.65  0.59941E-06
  5.70  0.53119E-06
  5.75  0.47004E-06
  5.80  0.41518E-06
  5.85  0.36590E-06
  5.90  0.32199E-06
  5.95  0.28260E-06
  6.00  0.24756E-06
  6.05  0.21636E-06
  6.10  0.18854E-06
  6.15  0.16399E-06
  6.20  0.14213E-06
  6.25  0.12286E-06
  6.30  0.10588E-06
  6.35  0.90877E-07
  6.40  0.77788E-07
  6.45  0.66256E-07
  6.50  0.56222E-07
  6.55  0.47496E-07
  6.60  0.39881E-07
  6.65  0.33348E-07
  6.70  0.27677E-07
  6.75  0.22830E-07
  6.80  0.18698E-07
  6.85  0.15161E-07
  6.90  0.12203E-07
  6.95  0.96979E-08
  7.00  0.76182E-08
  7.05  0.59059E-08
  7.10  0.44909E-08
  7.15  0.33630E-08
  7.20  0.24539E-08
  7.25  0.17466E-08
  7.30  0.12099E-08
  7.35  0.80739E-09
  7.40  0.53002E-09
  7.45  0.34613E-09
  7.50  0.24387E-09
  7.55  0.20735E-09
  7.60  0.22154E-09
  7.65  0.27659E-09
  7.70  0.36252E-09
  7.75  0.47089E-09
  7.80  0.59337E-09
  7.85  0.72810E-09
  7.90  0.86396E-09
  7.95  0.10030E-08
  8.00  0.11391E-08
  8.05  0.12671E-08
  8.10  0.13929E-08
  8.15  0.15043E-08
  8.20  0.16093E-08
  8.25  0.17034E-08
  8.30  0.17827E-08
  8.35  0.18566E-08
  8.40  0.19128E-08
  8.45  0.19617E-08
  8.50  0.19998E-08
  8.55  0.20231E-08
  8.60  0.20432E-08
  8.65  0.20474E-08
  8.70  0.20464E-08
  8.75  0.20379E-08
  8.80  0.20175E-08
  8.85  0.19968E-08
  8.90  0.19640E-08
  8.95  0.19289E-08
  9.00  0.18899E-08
  9.05  0.18423E-08
  9.10  0.17972E-08
  9.15  0.17438E-08
  9.20  0.16903E-08
  9.25  0.16361E-08
  9.30  0.15762E-08
  9.35  0.15205E-08
  9.40  0.14597E-08
  9.45  0.14003E-08
  9.50  0.13424E-08
  9.55  0.12808E-08
  9.60  0.12244E-08
  9.65  0.11651E-08
  9.70  0.11080E-08
  9.75  0.10536E-08
  9.80  0.99700E-09
  9.85  0.94573E-09
  9.90  0.89316E-09
  9.95  0.84297E-09
 10.00  0.79592E-09
  -1d0 -1d0 -1d0

   Z= 2  A= 3
   k    ........ 4He ........
          rho       error
  ****  *********  **********
  0.00  0.24741E+01
  0.10  0.22464E+01
  0.20  0.17178E+01
  0.30  0.11589E+01
  0.40  0.72157E+00
  0.50  0.42902E+00
  0.60  0.24913E+00
  0.70  0.14328E+00
  0.80  0.82303E-01
  0.90  0.47489E-01
  1.00  0.27623E-01
  1.10  0.16244E-01
  1.20  0.96987E-02
  1.30  0.59076E-02
  1.40  0.36959E-02
  1.50  0.23964E-02
  1.60  0.16239E-02
  1.70  0.11586E-02
  1.80  0.87347E-03
  1.90  0.69089E-03
  2.00  0.56470E-03
  2.10  0.47336E-03
  2.20  0.40485E-03
  2.30  0.35021E-03
  2.40  0.30494E-03
  2.50  0.26645E-03
  2.60  0.23330E-03
  2.70  0.20398E-03
  2.80  0.17822E-03
  2.90  0.15569E-03
  3.00  0.13578E-03
  3.10  0.11818E-03
  3.20  0.10273E-03
  3.30  0.89217E-04
  3.40  0.77228E-04
  3.50  0.66706E-04
  3.60  0.57541E-04
  3.70  0.49481E-04
  3.80  0.42405E-04
  3.90  0.36232E-04
  4.00  0.30867E-04
  4.10  0.26213E-04
  4.20  0.22212E-04
  4.30  0.18782E-04
  4.40  0.15821E-04
  4.50  0.13284E-04
  4.60  0.11130E-04
  4.70  0.93103E-05
  4.80  0.77594E-05
  4.90  0.64311E-05
  5.00  0.53073E-05
  5.10  0.43646E-05
  5.20  0.35778E-05
  5.30  0.29220E-05
  5.40  0.23744E-05
  5.50  0.19145E-05
  5.60  0.15329E-05
  5.70  0.12223E-05
  5.80  0.96963E-06
  5.90  0.76327E-06
  6.00  0.59744E-06
  6.10  0.46660E-06
  6.20  0.36184E-06
  6.30  0.27715E-06
  6.40  0.20982E-06
  6.50  0.15769E-06
  6.60  0.11804E-06
  6.70  0.87870E-07
  6.80  0.64695E-07
  6.90  0.47086E-07
  7.00  0.34078E-07
  7.10  0.24533E-07
  7.20  0.17783E-07
  7.30  0.13430E-07
  7.40  0.10693E-07
  7.50  0.87696E-08
  7.60  0.74914E-08
  7.70  0.69071E-08
  7.80  0.67448E-08
  7.90  0.67349E-08
  8.00  0.67401E-08
  8.10  0.66338E-08
  8.20  0.64703E-08
  8.30  0.64351E-08
  8.40  0.64644E-08
  8.50  0.64105E-08
  8.60  0.63040E-08
  8.70  0.61592E-08
  8.80  0.59245E-08
  8.90  0.56399E-08
  9.00  0.52996E-08
  9.10  0.48857E-08
  9.20  0.45238E-08
  9.30  0.42293E-08
  9.40  0.38335E-08
  9.50  0.33700E-08
  9.60  0.30185E-08
  9.70  0.27245E-08
  9.80  0.23811E-08
  9.90  0.20829E-08
 10.00  0.19138E-08
  -1d0 -1d0 -1d0

   Z= 2  A= 4
   k    ........ 4He ........
          rho       error
  ****  *********  **********
     0   .88084    6.468E-4
    .1   .84415    5.9177E-4
    .2   .74498    4.6406E-4
    .3   .61114    3.301E-4
    .4   .47166    2.2751E-4
    .5   .34649    1.5846E-4
    .6   .2451     1.1203E-4
    .7   .16827    7.8703E-5
    .8   .1128     5.3677E-5
    .9   .074095   3.4834E-5
   1     .047851   2.1438E-5
   1.1   .030473   1.3258E-5
   1.2   .019193   1.0199E-5
   1.3   .012017   1.0333E-5
   1.4   .0075345  1.1026E-5
   1.5   .0047771  1.126E-5
   1.6   .0031126  1.0929E-5
   1.7   .0021168  1.0171E-5
   1.8   .0015242  9.1561E-6
   1.9   .0011679  8.0299E-6
   2    9.4695E-4  6.8869E-6
   2.1  8.0223E-4  5.798E-6
   2.2  6.9983E-4  4.8003E-6
   2.3  6.2042E-4  3.9194E-6
   2.4  5.539E-4   3.1613E-6
   2.5  4.9504E-4  2.5222E-6
   2.6  4.4143E-4  1.9948E-6
   2.7  3.922E-4   1.5704E-6
   2.8  3.4689E-4  1.2363E-6
   2.9  3.0533E-4  9.8144E-7
   3    2.6756E-4  7.9332E-7
   3.1  2.3353E-4  6.5934E-7
   3.2  2.031E-4   5.667E-7
   3.3  1.7613E-4  5.0256E-7
   3.4  1.5226E-4  4.5638E-7
   3.5  1.3126E-4  4.2018E-7
   3.6  1.1288E-4  3.8854E-7
   3.7  9.6751E-5  3.5917E-7
   3.8  8.2762E-5  3.3038E-7
   3.9  7.0588E-5  3.0158E-7
   4    6.0066E-5  2.7346E-7
   4.1  5.0996E-5  2.4583E-7
   4.2  4.3215E-5  2.1918E-7
   4.3  3.6544E-5  1.9384E-7
   4.4  3.0847E-5  1.7001E-7
   4.5  2.5994E-5  1.4792E-7
   4.6  2.185E-5   1.2765E-7
   4.7  1.8322E-5  1.0929E-7
   4.8  1.5315E-5  9.2815E-8
   4.9  1.2767E-5  7.8191E-8
   5    1.061E-5   6.5335E-8
   5.1  8.7963E-6  5.416E-8
   5.2  7.2684E-6  4.4554E-8
   5.3  5.9905E-6  3.6403E-8
   5.4  4.9182E-6  2.9559E-8
   5.5  4.022E-6   2.395E-8
   5.6  3.2774E-6  1.9435E-8
   5.7  2.6611E-6  1.5889E-8
   5.8  2.1523E-6  1.3187E-8
   5.9  1.7335E-6  1.1203E-8
   6    1.3896E-6  9.786E-9
   6.1  1.1086E-6  8.7798E-9
   6.2  8.8003E-7  8.0499E-9
   6.3  6.954E-7   7.477E-9
   6.4  5.4745E-7  6.9866E-9
   6.5  4.2933E-7  6.5277E-9
   6.6  3.3601E-7  6.0774E-9
   6.7  2.6228E-7  5.6212E-9
   6.8  2.0439E-7  5.1623E-9
   6.9  1.5924E-7  4.7035E-9
   7    1.2433E-7  4.2558E-9
   7.1  9.7598E-8  3.8168E-9
   7.2  7.7401E-8  3.3978E-9
   7.3  6.2163E-8  3.0045E-9
   7.4  5.0714E-8  2.6349E-9
   7.5  4.2046E-8  2.2944E-9
   7.6  3.5463E-8  1.9831E-9
   7.7  3.0436E-8  1.7024E-9
   7.8  2.6623E-8  1.4558E-9
   7.9  2.3764E-8  1.2428E-9
   8    2.164E-8   1.0578E-9
   8.1  2.0048E-8  8.9479E-10
   8.2  1.8798E-8  7.5454E-10
   8.3  1.7738E-8  6.4565E-10
   8.4  1.6774E-8  5.7381E-10
   8.5  1.5843E-8  5.305E-10
   8.6  1.4908E-8  4.9857E-10
   8.7  1.394E-8   4.6948E-10
   8.8  1.2924E-8  4.484E-10
   8.9  1.1876E-8  4.3871E-10
   9    1.0844E-8  4.33E-10
   9.1  9.8847E-9  4.2302E-10
   9.2  9.0422E-9  4.1077E-10
   9.3  8.3166E-9  4.0079E-10
   9.4  7.6756E-9  3.9366E-10
   9.5  7.0588E-9  3.8567E-10
   9.6  6.4259E-9  3.7457E-10
   9.7  5.7688E-9  3.6231E-10
   9.8  5.1117E-9  3.5318E-10
   9.9  4.4909E-9  3.4576E-10
  10    3.92E-9    3.355E-10
  -1d0 -1d0 -1d0

   Z= 8  A= 16
   k    ........ 16O ........
          rho         err
  ****  **********  *********
     0    .17143     .015835
    .1    .18828     .014204
    .2    .2188      .011458
    .3    .24659     .0082676
    .4    .25794     .005238
    .5    .24758     .0028593
    .6    .21881     .0013092
    .7    .17948    7.551E-4
    .8    .13787    8.2262E-4
    .9    .099926   8.3348E-4
   1      .068773   7.129E-4
   1.1    .045168   5.3614E-4
   1.2    .028433   3.6727E-4
   1.3    .017254   2.4192E-4
   1.4    .010175   1.7231E-4
   1.5    .0059231  1.4276E-4
   1.6    .0034994  1.2573E-4
   1.7    .0021896  1.0701E-4
   1.8    .0015164  8.6908E-5
   1.9    .0011796  6.8983E-5
   2      .0010043  5.6421E-5
   2.1   8.9856E-4  4.8039E-5
   2.2   8.185E-4   4.1544E-5
   2.3   7.4588E-4  3.5736E-5
   2.4   6.7713E-4  3.0503E-5
   2.5   6.1044E-4  2.5954E-5
   2.6   5.462E-4   2.1967E-5
   2.7   4.8583E-4  1.8205E-5
   2.8   4.2951E-4  1.4569E-5
   2.9   3.7812E-4  1.1179E-5
   3     3.319E-4   8.3717E-6
   3.1   2.9135E-4  6.5898E-6
   3.2   2.5616E-4  5.7971E-6
   3.3   2.2586E-4  5.5453E-6
   3.4   1.9958E-4  5.3042E-6
   3.5   1.7648E-4  4.8448E-6
   3.6   1.5571E-4  4.2164E-6
   3.7   1.3689E-4  3.5351E-6
   3.8   1.1967E-4  2.9016E-6
   3.9   1.0395E-4  2.3929E-6
   4     8.9705E-5  2.0078E-6
   4.1   7.6959E-5  1.6958E-6
   4.2   6.56E-5    1.427E-6
   4.3   5.5618E-5  1.1886E-6
   4.4   4.6964E-5  9.8657E-7
   4.5   3.9566E-5  8.3793E-7
   4.6   3.3285E-5  7.3429E-7
   4.7   2.7961E-5  6.5953E-7
   4.8   2.3439E-5  5.9851E-7
   4.9   1.9595E-5  5.3977E-7
   5     1.6303E-5  4.8253E-7
   5.1   1.3493E-5  4.2725E-7
   5.2   1.1134E-5  3.7033E-7
   5.3   9.18E-6    3.1358E-7
   5.4   7.5776E-6  2.6069E-7
   5.5   6.2959E-6  2.1588E-7
   5.6   5.2623E-6  1.8392E-7
   5.7   4.4244E-6  1.6609E-7
   5.8   3.7436E-6  1.569E-7
   5.9   3.1731E-6  1.5098E-7
   6     2.6818E-6  1.4418E-7
   6.1   2.2599E-6  1.3619E-7
   6.2   1.8912E-6  1.2642E-7
   6.3   1.5629E-6  1.15E-7
   6.4   1.2816E-6  1.0251E-7
   6.5   1.0448E-6  8.9354E-8
   6.6   8.4611E-7  7.6061E-8
   6.7   6.9027E-7  6.5124E-8
   6.8   5.7261E-7  5.7714E-8
   6.9   4.7755E-7  5.3749E-8
   7     4.0061E-7  5.1632E-8
   7.1   3.3776E-7  5.021E-8
   7.2   2.8064E-7  4.9085E-8
   7.3   2.3289E-7  4.6978E-8
   7.4   1.9796E-7  4.365E-8
   7.5   1.6869E-7  4.0136E-8
   7.6   1.4543E-7  3.7719E-8
   7.7   1.3196E-7  3.7224E-8
   7.8   1.2239E-7  3.7809E-8
   7.9   1.1534E-7  3.8234E-8
   8     1.1313E-7  3.7715E-8
   8.1   1.0841E-7  3.5938E-8
   8.2   9.7569E-8  3.2801E-8
   8.3   8.6256E-8  2.881E-8
   8.4   7.4544E-8  2.5395E-8
   8.5   6.2756E-8  2.2779E-8
   8.6   5.6668E-8  2.0648E-8
   8.7   5.3806E-8  1.8938E-8
   8.8   4.91E-8    1.7245E-8
   8.9   4.5905E-8  1.5889E-8
   9     4.3738E-8  1.5452E-8
   9.1   3.8091E-8  1.5442E-8
   9.2   3.2015E-8  1.5339E-8
   9.3   2.6778E-8  1.4576E-8
   9.4   1.8258E-8  1.3114E-8
   9.5   9.0025E-9  1.1698E-8
   9.6   2.4406E-9  1.1054E-8
   9.7  -3.6019E-9  1.1434E-8
   9.8  -7.155E-9   1.2373E-8
   9.9  -5.7206E-9  1.2998E-8
  10    -4.925E-10  1.1215E-8
  -1d0 -1d0 -1d0

   Z= 1000  A= 1000
   k    ....Nuclear matter...
          rho         err
  ****  **********  *********
   .297   .087281
   .515   .086777
   .665   .086676
   .787   .086172
   .892   .085668
   .986   .085164
  1.072   .084559
  1.152   .083753
  1.226   .082645
  1.296   .081234
  1.363   .0062487
  1.501   .0040314
  1.646   .0028724
  1.797   .0021971
  1.955   .0017134
  2       .0016004
  2.2     .0011937
  2.4    8.9767E-4
  2.6    6.9359E-4
  2.8    5.1026E-4
  3      3.6802E-4
  3.2    2.6496E-4
  3.4    1.8984E-4
  3.6    1.3507E-4
  3.8    9.56E-5
  4      6.7583E-5
  4.2    4.796E-5
  4.4    3.4221E-5
  4.6    2.4379E-5
  4.8    1.721E-5
  5      1.1951E-5
  5.2    8.165E-6
  5.4    5.5118E-6
  5.6    3.6761E-6
  5.8    2.4225E-6
  6      1.5772E-6
  -999d0 -999d0


------------------------------
         COMMENTS
------------------------------

>Date: Wed, 18 Oct 2006 16:03:20 -0500
>From: Steven Pieper <pieper@phy.anl.gov
>To: jvary@iastate.edu
>Subject: momentum distributions
>Reply-to: spieper@anl.gov
>
>James,
>
>Below are the n.m. momentum distribution from Nucl.Phys. A427 (1984)
>473-492, and also those of 4He and 16O, all normalized so that
>
>     4*pi*integral( rho(k) k**2 dk ) = 1
>
>A figure showing the n.m. and 16O is in
>Pieper, et al., Phys Rev C 46, 1741 (1992) , fig 4
>
>The 4He is a modern VMC calculation with AV18+UIX.  It looks very
>close to the 4He shown in the above reference but we have lost
>those numbers.  From the similarity of the 4He results I conclude
>that the 16O results (computed for AV14+U-VII) are probably
>pretty close to what would be obtaind (again in VMC) for
>for AV18+UIX.

>Date: Sat, 21 Oct 2006 17:30:50 -0500
>From: Steven Pieper <pieper@phy.anl.gov>
>
>James,
>   [...] Just a quick note in case I forget later.
>Everything I sent you was only variational --
>VMC for 4he  and 16O and fhnc or whatever for n.m.

