 EXPeriment = CERN-LEP-ALEPH
    sqrt(s)    = 91.2 GeV
    REACtion   = E+ E- --> CHARGED X
    Author     = Barate et al
    REFerence  = 1996   CERN-PPE-96-186
  
  
    Charged particle XP distribution
  
    xp          xp       (1/n(h))*dn/dxp        errors
    min         max                         stat      sys   

    0.004      0.006          478.6         1.1       48.0
    0.006      0.008          535.8         1.0        6.8
    0.008      0.010          513.0         1.0        4.5
    0.010      0.012          478.6         0.9        3.3
    0.012      0.014          440.2         0.9        2.7
    0.014      0.016          403.1         0.8       2.1
    0.016      0.018          364.4         0.8       1.5
    0.018      0.020          329.5         0.7       1.1
    0.020      0.025          287.2         0.5       1.2
    0.025      0.030          237.3         0.4       1.0
    0.030      0.035          198.1         0.4       0.8
    0.035      0.040          168.7         0.3       0.8
    0.040      0.045          145.4         0.3       0.7
    0.045      0.050          127.0         0.3       0.6
    0.050      0.060          105.4         0.2       0.5
    0.060      0.070           83.45        0.16      0.44
    0.070      0.080           68.12        0.15      0.37
    0.080      0.090           56.28        0.13      0.32
    0.090      0.100           47.61        0.12      0.29
    0.100      0.110           40.31        0.11      0.28
    0.110      0.120           34.46        0.10      0.28
    0.120      0.130           29.84        0.10      0.25
    0.130      0.140           26.07        0.09      0.22
    0.140      0.160           21.26        0.06      0.18
    0.160      0.180           16.62        0.05      0.14
    0.180      0.200           13.21        0.05      0.11
    0.200      0.225           10.34        0.04      0.08
    0.225      0.250            7.920       0.031     0.063
    0.250      0.275            6.197       0.028     0.049
    0.275      0.300            4.889       0.025     0.041
    0.300      0.325            3.845       0.022     0.033
    0.325      0.350            3.055       0.019     0.030
    0.350      0.375            2.476       0.018     0.034
    0.375      0.400            1.978       0.016     0.039
    0.400      0.430            1.550       0.013     0.041
    0.430      0.460            1.212       0.011     0.036
    0.460      0.490            0.9375      0.0098    0.0273
    0.490      0.520            0.7318      0.0086    0.0190
    0.520      0.550            0.5672      0.0077    0.0139
    0.550      0.600            0.4022      0.0049    0.0098
    0.600      0.650            0.2602      0.0040    0.0064
    0.650      0.700            0.1721      0.0033    0.0044
    0.700      0.750            0.1064      0.0025    0.0029
    0.750      0.080            0.0587      0.0017    0.0020
    0.800      0.900            0.0262      0.0008    0.0015
    0.900      1.000            0.0047      0.0003    0.0009
                    
