0.30{0.36
11.22

0.47

0.74
0.007{0.008
511.8

39.8
510.5
0.36{0.46
10.95

0.30

0.52
0.008{0.010
499.4

27.4
498.9
0.46{0.57
10.30

0.16

0.24
0.010{0.012
470.0

13.0
468.9
0.57{0.70
9.25

0.16

0.23
0.012{0.015
422.1

12.8
424.6
0.70{0.91
7.79

0.15

0.22
0.015{0.020
355.1

12.1
361.1
0.91{1.14
6.360

0.062

0.082
0.020{0.025    290.08

4.67
295.22
1.14{1.37
5.273

0.065

0.079
0.025{0.030    240.50

4.67
243.31
1.37{1.60
4.412

0.035

0.041
0.030{0.035    201.22

2.43
203.35
1.60{1.82
3.764

0.035

0.039
0.035{0.040    171.70

2.41
172.46
1.82{2.28
3.018

0.028

0.030
0.040{0.050    137.68

1.88
138.12
2.28{2.74
2.325

0.023

0.024
0.050{0.060    106.03

1.50
106.25
2.74{3.19
1.853

0.021

0.021
0.060{0.070
84.52

1.35
83.96
3.19{3.65
1.506

0.019

0.019
0.070{0.080
68.71

1.22
67.79
3.65{4.10
1.253

0.018

0.017
0.080{0.090
57.15

1.13
56.06
4.10{4.56
1.049

0.017

0.016
0.090{0.100
47.84

1.04
46.96
4.56{5.47
0.830

0.015

0.014
0.100{0.120
37.86

0.93
36.88
5.47{6.38
0.616

0.013

0.011
0.120{0.140
28.09

0.76
27.23
6.38{7.29
0.471

0.011

0.009
0.140{0.160
21.48

0.63
20.72
7.29{8.21
0.3684

0.0090

0.0074
0.160{0.180
16.80

0.53
16.10
8.21{9.12
0.2907

0.0074

0.0060
0.180{0.200
13.26

0.43
12.68
9.12{11.9
0.1911

0.0055

0.0043
0.200{0.260
8.72

0.32
8.33
11.9{13.7
0.1159

0.0036

0.0027
0.260{0.300
5.29

0.20
5.00
13.7{18.2
0.0635

0.0021

0.0015
0.300{0.400
2.90

0.12
2.72
18.2{22.8
0.0273

0.0011

0.0007
0.400{0.500
1.243

0.058
1.170
22.8{27.4    0.01216

0.00057

0.00037
0.500{0.600
0.554

0.031
0.517
27.4{36.5    0.00384

0.00039

0.00027
0.600{0.800
0.175

0.022
0.161
36.5{45.6   0.000530

0.000096

0.000050
0.800{1.000    0.0242

0.0050    0.0227
