EXPeriment = SLAC-PEP-004 (TPC)                                              
   sqrt(s)    = 29 GeV
   Author     = Aihara et al 
   REFerence  = 1988 Phys. Rev. Lett. 61, 1263


      xp      xp           1/sig(h) dsig/dxp 
      min     max                               error

      0.010   0.015             91.5             7.4       
      0.015   0.020            144.8             5.6       
      0.020   0.025            157.7             7.0       
      0.025   0.030            153.4             5.2       
      0.030   0.035            142.2             4.3       
      0.035   0.040            124.1             3.8       
      0.040   0.045            117.3             3.6       
      0.045   0.050            106.4             3.3       
      0.050   0.055             96.2             3.0       
      0.055   0.060             87.8             2.7       
      0.060   0.065             80.7             2.6       
      0.065   0.070             72.5             2.4       
      0.070   0.075             69.2             2.4       
      0.075   0.080             60.0             2.2       
      0.080   0.085             53.3             2.2       
      0.085   0.090             49.2             1.8       
      0.090   0.100             44.6             1.4       
      0.100   0.110             39.0             1.3           
      0.110   0.120             33.9             1.3           
      0.120   0.130             29.4             1.1           
      0.130   0.140             26.1             1.0           
      0.140   0.150             22.11            0.82         
      0.150   0.160             20.44            0.79         
      0.160   0.180             17.00            0.58         
      0.180   0.200             14.38            0.58         
      0.200   0.220             11.31            0.44         
      0.220   0.250              8.96            0.32         
      0.250   0.300              6.24            0.18         
      0.300   0.350              4.08            0.13         
      0.350   0.400              2.644           0.093       
      0.400   0.500              1.463           0.049       
      0.500   0.600              0.663           0.029       
      0.600   0.700              0.310           0.019       
      0.700   0.900              0.0755          0.0098    

