  0.5273127E+00     0.1462274E+03     0.0000000E-02    -0.6238432E-03    -0.3586585E-03     0.1353077E+01
  0.2776827E+01     0.1456988E+03     0.1375416E-01    -0.3267772E-02    -0.1924648E-02     0.3146198E+01
  0.6817629E+01     0.1429748E+03     0.8132975E-01    -0.8022923E-02    -0.4712887E-02     0.4933750E+01
  0.1264025E+02     0.1355535E+03     0.2648880E+00    -0.1485133E-01    -0.8719876E-02     0.6709116E+01
  0.2023055E+02     0.1215866E+03     0.6078842E+00    -0.2368099E-01    -0.1390493E-01     0.8468592E+01
  0.2957123E+02     0.1018342E+03     0.1085494E+01    -0.3437380E-01    -0.2019417E-01     0.1020950E+02
  0.4064282E+02     0.7980537E+02     0.1601455E+01    -0.4669792E-01    -0.2746937E-01     0.1193025E+02
  0.5342487E+02     0.5940349E+02     0.2049586E+01    -0.6030550E-01    -0.3556160E-01     0.1363046E+02
  0.6789720E+02     0.4280052E+02     0.2369626E+01    -0.7472583E-01    -0.4425220E-01     0.1531109E+02
  0.8404131E+02     0.3031549E+02     0.2551334E+01    -0.8938263E-01    -0.5328387E-01     0.1697453E+02
  0.1018418E+03     0.2131300E+02     0.2611965E+01    -0.1036376E+00    -0.6238216E-01     0.1862464E+02
  0.1212879E+03     0.1494010E+02     0.2577325E+01    -0.1168546E+00    -0.7127741E-01     0.2026684E+02
  0.1423751E+03     0.1045149E+02     0.2472817E+01    -0.1284711E+00    -0.7969477E-01     0.2190812E+02
  0.1651067E+03     0.7285413E+01     0.2320963E+01    -0.1379896E+00    -0.8765217E-01     0.2355711E+02
  0.1894953E+03     0.5043214E+01     0.2139821E+01    -0.1451641E+00    -0.9485765E-01     0.2522407E+02
  0.2155648E+03     0.3448426E+01     0.1943534E+01    -0.1498273E+00    -0.1012148E+00     0.2692099E+02
  0.2433519E+03     0.2311284E+01     0.1743611E+01    -0.1519640E+00    -0.1069541E+00     0.2866167E+02
  0.2729080E+03     0.1499756E+01     0.1547129E+01    -0.1516530E+00    -0.1118704E+00     0.3046187E+02
  0.3043014E+03     0.9226979E+00     0.1359761E+01    -0.1490872E+00    -0.1159886E+00     0.3233943E+02
  0.3376193E+03     0.5153940E+00     0.1184963E+01    -0.1444100E+00    -0.1194201E+00     0.3431457E+02
  0.3729706E+03     0.2311517E+00     0.1025106E+01    -0.1376068E+00    -0.1221638E+00     0.3641020E+02
  0.4104885E+03     0.3505022E-01     0.8819424E+00    -0.1284136E+00    -0.1238577E+00     0.3865230E+02
  0.4503339E+03    -0.9944380E-01     0.7559817E+00    -0.1165625E+00    -0.1240471E+00     0.4107050E+02
  0.4926995E+03    -0.1894808E+00     0.6450986E+00    -0.1025980E+00    -0.1218274E+00     0.4369874E+02
  0.5378143E+03    -0.2424167E+00     0.5440688E+00    -0.8781485E-01    -0.1169341E+00     0.4657611E+02
  0.5859497E+03    -0.2620500E+00     0.4488485E+00    -0.7320909E-01    -0.1093175E+00     0.4974794E+02
  0.6374259E+03    -0.2552456E+00     0.3601439E+00    -0.5929206E-01    -0.9950413E-01     0.5326718E+02
  0.6926205E+03    -0.2309958E+00     0.2804296E+00    -0.4651633E-01    -0.8789853E-01     0.5719603E+02
  0.7519789E+03    -0.1968191E+00     0.2117368E+00    -0.3520805E-01    -0.7522545E-01     0.6160818E+02
  0.8160271E+03    -0.1593199E+00     0.1546247E+00    -0.2559528E-01    -0.6212278E-01     0.6659151E+02
  0.8853873E+03    -0.1225852E+00     0.1091104E+00    -0.1775524E-01    -0.4940420E-01     0.7225162E+02
  0.9607982E+03    -0.9001942E-01     0.7421297E-01    -0.1166276E-01    -0.3772095E-01     0.7871634E+02
  0.1043140E+04    -0.6312245E-01     0.4857503E-01    -0.7181024E-02    -0.2761834E-01     0.8614162E+02
  0.1133465E+04    -0.4217867E-01     0.3059679E-01    -0.4086440E-02    -0.1937711E-01     0.9471922E+02
  0.1233041E+04    -0.2708756E-01     0.1851895E-01    -0.2084067E-02    -0.1303188E-01     0.1046869E+03
  0.1343400E+04    -0.1664127E-01     0.1076392E-01    -0.9028487E-03    -0.8415635E-02     0.1163419E+03
  0.1466411E+04    -0.9784193E-02     0.6009274E-02    -0.2752714E-03    -0.5228312E-02     0.1300596E+03
  0.1604365E+04    -0.5571777E-02     0.3225453E-02     0.2082683E-04    -0.3133702E-02     0.1463183E+03
  0.1760098E+04    -0.3066844E-02     0.1656568E-02     0.1257392E-03    -0.1817625E-02     0.1657338E+03
  0.1937150E+04    -0.1618535E-02     0.8095419E-03     0.1354711E-03    -0.1022567E-02     0.1891087E+03
  0.2139984E+04    -0.8244651E-03     0.3753029E-03     0.1107221E-03    -0.5592030E-03     0.2175013E+03
  0.2374291E+04    -0.4134576E-03     0.1662441E-03     0.8086546E-04    -0.2977717E-03     0.2523262E+03
  0.2647413E+04    -0.1996378E-03     0.6742208E-04     0.5321858E-04    -0.1546518E-03     0.2955030E+03
  0.2968952E+04    -0.9233252E-04     0.2407837E-04     0.3250425E-04    -0.7836308E-04     0.3496793E+03
  0.3351660E+04    -0.4101730E-04     0.6953483E-05     0.1878920E-04    -0.3869578E-04     0.4185748E+03
  0.3812759E+04    -0.1751344E-04     0.1115924E-05     0.1035398E-04    -0.1857094E-04     0.5075232E+03
  0.4375958E+04    -0.7419837E-05    -0.2319599E-06     0.5518348E-05    -0.8614921E-05     0.6243532E+03
  0.5074622E+04    -0.2955137E-05    -0.4529932E-06     0.2762571E-05    -0.3867741E-05     0.7808626E+03
  0.5956900E+04    -0.1104921E-05    -0.3268764E-06     0.1311692E-05    -0.1672897E-05     0.9953794E+03
  0.7094337E+04    -0.3875091E-06    -0.1733831E-06     0.5903168E-06    -0.6912255E-06     0.1297399E+04
  0.8596963E+04    -0.1262074E-06    -0.7555004E-07     0.2495742E-06    -0.2698110E-06     0.1736401E+04
  0.1064109E+05    -0.3758099E-07    -0.2774142E-07     0.9767727E-07    -0.9797704E-07     0.2399608E+04
  0.1352366E+05    -0.9992618E-08    -0.8542333E-08     0.3461501E-07    -0.3239580E-07     0.3450337E+04
  0.1777682E+05    -0.2288553E-08    -0.2152030E-08     0.1073123E-07    -0.9451554E-08     0.5218187E+04
  0.2443253E+05    -0.4287007E-09    -0.4196130E-09     0.2727002E-08    -0.2308411E-08     0.8435358E+04
  0.3571331E+05    -0.6377568E-10    -0.5390178E-10     0.5102667E-09    -0.4333809E-09     0.1494973E+05
  0.5715868E+05    -0.5793670E-11    -0.4860916E-11     0.7006826E-10    -0.5904890E-10     0.3033835E+05
  0.1059753E+06    -0.2563346E-12    -0.2118967E-12     0.5621908E-11    -0.4630110E-11     0.7669168E+05
  0.2601890E+06    -0.2816877E-14    -0.2297805E-14     0.1505753E-12    -0.1212132E-12     0.2947991E+06
  0.1370155E+07    -0.6828897E-18    -0.5539553E-18     0.1932205E-15    -0.1533667E-15     0.3515798E+07

      WJC-1 (7/11/2009) 
 60    105.4743
       Q                U0               W2               VT               VS               S





  0.11765E+01     0.14618E+03     0.17861E-02    -0.13803E-02   -0.82896E-03
  0.61912E+01     0.14357E+03     0.67348E-01    -0.72855E-02   -0.43053E-02
  0.15183E+02     0.13131E+03     0.37004E+00    -0.17820E-01   -0.10518E-01
  0.28104E+02     0.10497E+03     0.10110E+01    -0.32711E-01   -0.19315E-01
  0.44895E+02     0.72382E+02     0.17694E+01    -0.51309E-01   -0.30359E-01
  0.65487E+02     0.45161E+02     0.23283E+01    -0.72409E-01   -0.43070E-01
  0.89816E+02     0.26960E+02     0.25839E+01    -0.94238E-01   -0.56645E-01
  0.11783E+03     0.15883E+02     0.25889E+01    -0.11469E+00   -0.70185E-01
  0.14951E+03     0.93100E+01     0.24282E+01    -0.13178E+00   -0.82888E-01
  0.18487E+03     0.54002E+01     0.21742E+01    -0.14406E+00   -0.94089E-01
  0.22398E+03     0.30539E+01     0.18814E+01    -0.15077E+00   -0.10391E+00
  0.26695E+03     0.16375E+01     0.15846E+01    -0.15192E+00   -0.11176E+00
  0.31399E+03     0.78542E+00     0.13055E+01    -0.14794E+00   -0.11800E+00
  0.36539E+03     0.28143E+00     0.10563E+01    -0.13922E+00   -0.12276E+00
  0.42157E+03    -0.88439E-02     0.84334E+00    -0.12531E+00   -0.12529E+00
  0.48307E+03    -0.17305E+00     0.66784E+00    -0.10582E+00   -0.12386E+00
  0.55059E+03    -0.25074E+00     0.51677E+00    -0.83794E-01   -0.11633E+00
  0.62504E+03    -0.25858E+00     0.37940E+00    -0.62501E-01   -0.10317E+00
  0.70760E+03    -0.22270E+00     0.26076E+00    -0.43495E-01   -0.85717E-01
  0.79975E+03    -0.16823E+00     0.16718E+00    -0.27872E-01   -0.66235E-01
  0.90341E+03    -0.11416E+00     0.99110E-01    -0.16155E-01   -0.47054E-01
  0.10211E+04    -0.69278E-01     0.54204E-01    -0.82517E-02   -0.30538E-01
  0.11559E+04    -0.38139E-01     0.27184E-01    -0.35520E-02   -0.18022E-01
  0.13122E+04    -0.19084E-01     0.12452E-01    -0.11719E-02   -0.96917E-02
  0.14956E+04    -0.86279E-02     0.52144E-02    -0.19761E-03   -0.47755E-02
  0.17138E+04    -0.35974E-02     0.19961E-02     0.99631E-04   -0.21743E-02
  0.19773E+04    -0.14217E-02     0.69344E-03     0.13407E-03   -0.92404E-03
  0.23011E+04    -0.51059E-03     0.20991E-03     0.89471E-04   -0.36927E-03
  0.27065E+04    -0.16865E-03     0.53031E-04     0.47487E-04   -0.13935E-03
  0.32258E+04    -0.51364E-04     0.98115E-05     0.21955E-04   -0.49556E-04
  0.39081E+04    -0.15348E-04     0.10380E-05     0.93252E-05   -0.16472E-04
  0.48323E+04    -0.40199E-05    -0.45581E-06     0.34384E-05   -0.51307E-05
  0.61316E+04    -0.93154E-06    -0.30580E-06     0.11383E-05   -0.14748E-05
  0.80442E+04    -0.18684E-06    -0.10391E-06     0.33404E-06   -0.38116E-06
  0.11033E+05    -0.31058E-07    -0.23766E-07     0.83768E-07   -0.84962E-07
  0.16093E+05    -0.39540E-08    -0.36451E-08     0.16813E-07   -0.15276E-07
  0.25708E+05    -0.33210E-09    -0.33760E-09     0.24041E-08   -0.19736E-08
  0.47587E+05    -0.13705E-10    -0.14789E-10     0.19445E-09   -0.14601E-09
  0.11670E+06    -0.14101E-12    -0.16245E-12     0.51574E-11   -0.36203E-11
  0.61412E+06    -0.32651E-16    -0.39862E-16     0.66380E-14   -0.44732E-14
---------------------------------------------------
      Q               U0              W2              VT             VS

  RAW WAVE FUNCTIONS IN MOMENTUM SPACE (with probability = 105.4840)

 Number of Gauss points =  40
---------------------------------------------------

Date: Mon, 13 Apr 2009 15:06:34 -0400
From: Franz Gross <gross@jlab.org>
To: Wally Melnitchouk <wmelnitc@jlab.org>
Cc: Franz Gross <gross@jlab.org>, Alfred Stadler <stadler@cii.fc.ul.pt>
Subject: deuteron wave functions

Hi Wally, 
I enclose the deuteron wave functions for the WJC-1 model published
in 

%\cite{Gross:2008ps}
\bibitem{Gross:2008ps}
  F.~Gross and A.~Stadler,
  %``Covariant spectator theory of np scattering: Phase shifts
obtained from
  %precision fits to data below 350 MeV,''
  Phys.\ Rev.\  C {\bf 78}, 014005 (2008)
  [arXiv:0802.1552 [nucl-th]].
  %%CITATION = PHRVA,C78,014005;%%
 
Actually, these result from a a modification of the original code
which improves the convergence of the angular integrals (and results
in slightly modified sigma and delta couplings, but leaves the phase
shifts essentially unchanged).  If you use these, please refer to
them as "preliminary."  (Since I made the changes in the code I have
not even looked at them myself.)  Eventually I will fit these wave
functions to analytic forms.

Note that they are normalized to 105 % (includes the effect of the
derivative term that we discussed).  To use them without the
derivative term,  renormalize to 100%, and if you use them without
the P-states, renormalize U0 and W2 to 100%.  The original mapping
was Q= C*Tan(\pi x/2)  with C=850 MeV and x = 40  gauss points
between 0 and 1.

Best, Franz
------------------------------------------------
